SVMTorch V2.08 [Bricoladonf]
0
0
2
0.01
1
1
X
30
45
2.1774558
0.0062170827231094061976479636655313 63.876 1.6159 -30.899 15.832 3.1062 3.4327 -23.026 4.5118 2.9188 64.254 1.754 -31.469 16.3 2.7606 5.797 -24.209 3.7381 9.4466 68.6 1.8419 -25.293 8.7273 2.1288 15.238 -9.5014 1.1037 18.688 65.479 1.3898 -31.169 14.517 2.152 5.4095 -22.47 3.2916 9.3871 66.57 1.5789 -30.108 8.8794 3.6475 9.0967 -14.364 5.8284 8.162 
0.0091062021255279169268392891467556 86.477 -2.5329 3.9539 25.491 4.6895 4.3109 -34.66 -7.1052 3.1446 61.229 0.50377 10.226 19.789 3.5214 5.4648 -21.529 4.2958 -5.5531 79.952 0.98286 11.087 10.556 2.4456 5.7877 -7.5191 -2.0215 -4.9814 83.405 -0.15463 5.9556 23.685 2.6069 6.5961 -29.469 4.2307 6.5122 61.793 -0.19035 10.173 13.737 4.4682 9.2669 -14.789 6.256 -10.873 
0.018028876021143183661088471581024 63.066 -2.6581 1.8241 18.509 3.4806 3.2551 -26.004 3.1534 -2.4861 66.763 -3.6357 -0.36215 18.547 3.9272 4.8043 -26.275 3.445 -2.708 72.43 -3.315 0.14306 9.1738 5.4873 5.8583 -8.8636 -3.2258 -1.7254 64.13 -3.1956 2.0516 17.372 4.9093 4.8815 -23.531 -2.434 4.173 67.46 -5.2409 -1.5272 13.154 3.9012 5.478 -19.007 -4.194 -4.0988 
0.001201900762637249679351536535421 63.044 -19.272 -12.935 20.386 9.608 10.903 -20.955 7.7541 8.1671 54.104 -10.928 4.3917 17.131 6.6208 6.4516 -20.535 5.7747 -6.9366 71.829 -16.827 -6.404 12.508 12.87 13.062 -10.213 -8.1445 -5.6586 73.099 -23.822 -12.326 20.94 11.366 9.3081 -24.428 11.802 6.8774 71.176 -19.977 -9.2979 16.6 10.148 12.236 -17.394 3.9205 9.4167 
0.012240170630562161382948183074859 63.998 -15.815 4.422 16.77 6.7815 5.4979 -21.129 7.2407 -4.5679 66.428 -18.586 -3.4918 20.811 6.939 8.4052 -23.206 7.202 -3.2395 71.737 -14.718 -1.2527 15.543 8.0447 4.9225 9.41 4.2081 -4.0165 72.14 -15.454 0.17364 18.898 8.8172 8.3291 -12.773 -8.1383 -4.8172 74.863 -16.821 -6.8811 23.89 9.2052 8.6566 -27.023 9.1282 5.0104 
0.011122796105941140307193926162199 50.096 -15.266 5.5841 17 6.121 9.2858 -17.003 4.4332 -7.3171 59.73 -14.132 3.8719 22.1 6.1912 10.363 -19.548 7.4717 5.3076 63 -7.9127 11.9 17.651 7.829 6.2627 15.693 -2.526 7.0732 55.065 -13.137 6.7671 17.993 8.0863 10.35 -15.375 7.6634 -5.9088 60.661 -3.2689 19.052 18.195 10.509 10.723 -9.3777 9.3521 11.16 
0.014126708730242288486467217012432 65.599 -20.493 -0.16175 18.091 5.7086 4.532 -24.026 -4.7893 5.7816 61.964 -20.838 -0.13836 17.267 6.143 3.8143 -23.134 7.2405 4.6852 70.008 -16.703 2.6997 5.777 6.6921 10.463 -6.3165 7.0787 12.479 60.211 -21.338 -0.2137 14.504 6.4892 2.9627 -21.017 9.423 3.0954 62.562 -22.514 -1.0499 9.4211 6.1822 4.4928 -13.894 -8.8457 6.5986 
0.0060215097044911004148248778733432 52.085 3.5606 3.4872 16.851 3.6501 3.3432 -20.229 2.8103 -3.5633 50.034 5.4073 1.3227 17.252 3.7385 2.8025 -18.615 2.6732 -2.9177 71.838 4.5777 7.0435 15.925 2.4539 3.689 -10.119 2.7695 3.9707 50.933 4.6381 2.2026 16.727 4.4932 2.8782 -16.341 -4.362 2.4759 52.994 5.2986 2.4811 15.362 4.7472 2.9275 -14.779 5.8163 3.9096 
0.0048379256108442526482238399410107 56.084 -8.4091 3.3682 18.426 3.0766 2.3677 -19.531 1.8683 2.5426 51.352 -12.169 8.2684 14.45 4.1717 4.3039 -20.175 4.078 -3.4283 74.879 -5.9233 8.0641 11.626 4.4517 5.1291 9.9223 -4.5366 4.8565 69.773 -8.9459 10.633 21.959 7.7971 9.1721 -22.577 -7.5292 9.1308 60.548 -15.531 17.93 12.853 8.1773 6.0385 -12.846 -10.871 5.3894 
0.00046470832053879107667246350921175 72.493 -3.8969 16.062 20.168 5.9844 4.4792 -28.335 -6.0045 -5.4584 70.434 -2.6247 19.604 21.284 5.331 6.9913 -26.615 4.7252 -4.3642 65.903 0.89065 21.637 13.977 4.0992 6.4349 8.9179 -2.9113 8.175 68.402 1.898 19.228 18.788 5.8256 7.0776 -22.714 -3.3556 6.431 61.217 -0.1305 21.573 15.13 7.6526 7.2094 -13.742 6.0718 8.1019 
0.0057734733288221954869423591105715 50.311 -7.8769 13.578 14.406 5.1627 4.1766 -19.362 -4.6886 -4.8922 58.051 -5.0316 10.735 17.422 2.9106 4.4916 -22.322 2.4045 -5.2979 72.919 -2.3653 11.172 15.432 4.2836 3.4952 10.688 3.9962 2.9154 53.999 -12.665 16.175 16.327 4.3168 5.23 -7.622 5.3334 -6.4169 85.31 -2.8374 8.0424 22.918 4.6051 5.039 -26.746 -5.714 5.6673 
0.0077785729441436348916005805165241 87.926 -5.141 -1.3642 25.081 3.4546 5.1483 -35.746 -3.5918 -7.3121 74.087 -1.7513 4.6715 23.579 3.7594 9.4899 -28.468 3.8534 -4.601 84.316 0.77308 9.321 13.208 3.7808 8.3333 -7.2274 1.9625 3.204 76.001 -2.4115 4.4149 21.64 3.134 9.0092 -25.604 3.2845 -5.912 63.105 -5.1043 16.204 11.691 6.1738 3.5422 -16.506 -8.926 3.5863 
0.019062194778458420307831744366922 59.217 -12.12 -2.4114 16.973 3.8088 3.7954 -23.094 -2.4587 3.2554 65.712 -7.8766 -6.124 18.013 3.2341 3.7413 -25.536 4.1878 2.5542 65.739 -8.8873 -4.4156 13.944 3.6424 4.7967 -14.309 -3.7487 4.7322 66.223 -9.242 -6.6742 17.004 3.8442 3.4717 -23.256 4.0886 4.2344 68.304 -10.229 -7.1338 10.635 3.2705 2.4303 -17.167 -5.1983 2.5148 
0.010993117076842657403590308717867 47.426 -14.048 2.6293 15.185 5.6758 2.7006 -16.982 -2.0683 2.3176 62.281 -7.6946 0.64613 18.123 3.1844 1.1161 -24.905 3.8016 -0.8781 71.425 -7.1439 0.73791 6.6337 1.3016 0.65051 -9.0574 -1.9537 0.90824 61.857 -9.0855 0.96906 15.804 3.1512 1.2488 -21.864 -1.9231 -1.1877 65.256 -9.4872 2.3824 11.054 6.523 3.9722 -17.482 -10.818 6.6629 
-0.0025417376001035316135379105162428 72.677 0.33014 1.4751 22.454 4.1183 3.226 -29.284 4.1429 -2.1554 72.445 0.82459 0.65325 21.997 5.0786 4.3227 -28.142 6.3244 2.5497 73.268 -1.9761 -1.5825 11.702 3.8278 3.875 -7.996 3.9197 3.853 75.365 4.2125 5.4592 22.187 4.2652 3.5388 -27.318 -4.6937 -2.4265 75.088 3.2554 3.8985 18.023 6.4992 4.2506 -22.02 9.231 6.5085 
-0.019655776909915566308395540318088 58.49 -6.3121 7.3883 19.634 7.4861 5.1516 -20.108 -6.0463 -4.355 65.914 1.324 6.3786 21.759 6.4713 4.3144 -23.718 6.6532 -3.8997 73.402 2.2033 7.4464 17.306 3.8765 3.5577 -6.7591 -1.922 1.4645 75.008 2.8686 8.1936 22.381 4.1803 3.7793 -26.697 -3.9736 -4.7959 78.518 6.0277 11.001 18.619 7.8845 6.0187 -20.937 11.612 8.4016 
-0.0024618983719454749781174740519418 83.294 -14.555 -12.806 22.115 3.9744 2.6363 -31.946 6.3712 -2.5525 76.398 -13.838 -13.504 21.828 5.309 5.1881 -28.84 6.5023 6.8816 80.376 -13.092 -11.699 11.761 4.8226 6.0414 -12.111 5.3105 6.5381 74.986 -14.283 -13.323 21.387 4.7505 5.8309 -27.687 5.7631 7.8751 63.197 -20.363 -17.363 8.15 3.4608 3.9955 -12.243 4.7766 3.445 
-0.0047042835526280007280020001303456 56.156 -11.748 5.6047 16.031 5.8285 3.3898 -21.142 5.6139 -3.5109 58.012 -7.4621 4.6475 11.248 7.5999 4.4303 -15.685 -10.622 5.9998 66.013 -7.0372 2.1508 11.448 4.9064 5.3182 8.4513 -5.2193 4.669 53.898 -13.331 5.6837 15.791 6.7186 4.5247 -20.778 -2.8889 -4.2255 52.674 -6.8044 1.2415 15.065 4.4068 3.6492 -17.944 1.8359 -2.4978 
-0.016384898713024832056506241428906 57.165 -22.694 12.527 15.414 5.8121 4.2632 -20.592 -4.629 -0.72198 55.746 -14.796 5.8042 16.598 7.1276 4.9543 -20.679 6.1535 -4.662 69.631 -10.085 5.7419 13.22 7.7548 5.9296 10.446 -6.0251 5.1537 58.443 -13.96 6.1627 16.827 8.6037 4.9087 -19.553 5.8522 -3.7918 64.621 -11.557 6.3914 12.478 7.6643 4.5825 -17.268 -10.803 6.7699 
-0.0030462130607691278831594683396133 55.918 -16.954 -10.221 21.139 14.597 6.7044 -15.441 7.3315 5.1066 47.226 -27.221 -13.524 16.229 13.231 6.1591 -10.134 14.057 7.1872 74.963 -9.1808 -5.8844 20.452 12.372 5.7295 6.0413 -11.689 -4.7213 55.78 -18.774 -10.297 22.221 12.476 5.9995 17.401 9.7946 5.3813 48.621 -25.713 -13.381 9.1152 8.8195 4.2728 11.795 9.9886 4.9718 
-0.00095437271917533602651195767663239 53.532 -13.533 -9.1742 17.404 10.902 9.5452 -19.696 -6.4447 2.1997 65.1 -2.5605 0.24608 19.546 4.1714 3.6468 -24.724 5.2162 -1.3998 70.353 -2.6723 -0.18772 9.9198 3.8287 3.4518 -5.2158 3.6716 2.279 56.18 -7.3348 -2.9142 18.597 9.745 8.4167 -17.691 -10.65 -8.5853 66.868 -2.1779 3.4822 14.021 5.6499 3.8172 -19.657 -1.7386 4.6133 
-0.0013538100734947044589268072556365 56.912 -9.4273 -7.4099 16.904 10.896 5.801 -21.947 15.038 7.4172 52.649 -12.88 -7.3783 15.334 5.3284 3.2422 -19.648 6.8165 3.3827 69.3 7.026 5.1364 13.003 16.825 12.282 -8.368 10.091 7.507 47.739 -11.543 -6.6839 12.284 6.8145 3.9591 -15.782 8.9528 5.2527 49.786 -12.309 -3.841 9.8885 11.9 6.5226 -9.0878 9.4585 7.9916 
-0.0013690852297782195919756409452361 54.628 -11.241 0.27751 16.383 6.0995 5.5495 -21.285 -6.035 6.3719 58.593 -7.5076 -1.6376 18.248 5.0226 4.6509 -21.513 6.9918 5.1719 66.12 -10.022 5.008 7.1626 8.9022 6.1635 5.5884 8.6046 6.7197 53.539 -9.6673 1.3779 15.12 7.5118 4.4065 -18.372 8.3676 3.6725 60.29 -9.3118 -3.7873 15.837 3.6804 4.7091 -11.68 -4.8876 -4.9628 
-0.010701652054314090417586058379129 68.846 -7.5958 2.4714 20.939 3.8653 2.7204 -27.145 -4.5553 3.1864 69.546 -6.7652 1.7529 21.026 3.2752 1.8652 -26.84 2.9412 -2.3539 74.288 -6.6117 2.1801 12.758 2.0281 2.2965 -10.169 2.0327 2.452 69.566 -5.9177 2.7105 19.785 2.7926 2.0552 -24.891 3.9395 1.0799 71.985 -6.641 3.9832 16.406 5.6702 3.7095 -20.903 -9.3789 5.4266 
-0.0023406202663350506552875085475307 63.488 -13.047 10.127 17.739 4.8205 3.8698 -24.572 -5.9497 -2.9927 59.827 -12.379 9.2133 17.638 6.6967 5.8118 -22.525 5.954 -5.6592 72.295 -6.4112 9.6753 11.547 7.2083 6.6621 3.5929 4.3276 1.6167 60.205 -9.5014 7.5948 16.39 4.1957 5.4521 -21.525 5.2287 -4.9669 59.008 -10.844 8.2647 13.117 8.8306 7.3422 -13.263 -10.613 7.0049 
-0.0054353995355063402725170895735118 64.319 -18.065 -13.509 16.84 10.818 12.003 -24.035 10.443 12.487 64.368 -23.97 -20.264 16.114 7.8576 5.3519 -23.796 11.002 8.1406 69.994 -15.649 -10.325 4.1978 12.379 13.843 4.5166 10.071 11.237 64.306 -19.914 -14.854 16.707 10.178 10.333 -23.513 10.849 11.194 68.082 -25.91 -22.225 7.2318 2.9638 2.8621 -12.086 4.7805 -3.5349 
-0.020569151833608346341408790181049 63 -6.4498 3.0192 18.352 4.3071 2.616 -25.152 -4.4841 2.3589 61.469 -9.2276 5.0325 19.257 6.4652 5.9136 -22.567 4.3171 -3.7426 69.952 -8.7287 4.9737 11.654 6.4365 6.2351 -7.5525 5.838 -3.5647 62.08 -10.926 5.9361 17.104 5.6666 4.7449 -22.059 2.0452 4.0019 62.692 -14.053 7.8423 13.544 8.3966 5.8336 -14.466 -11.535 7.3871 
-0.0046051383901488480640540323918231 58.861 -7.2246 -1.0581 17.306 2.5244 2.4324 -23.829 2.151 -2.4917 62.819 -13.343 7.4006 17.311 6.9376 7.0904 -24.157 -3.3181 -1.4256 66.3 -9.4725 1.7434 7.62 4.4488 5.0321 8.3711 -4.235 5.2937 59.747 -8.1686 1.4855 18.551 5.5429 5.0188 -18.858 -3.6741 4.4624 71.263 -16.602 14.384 15.249 10.637 8.4849 -15.685 -13.376 8.002 
-0.024797820794270775818235463816563 68.716 -6.5292 -13.076 18.351 3.1522 3.5589 -26.354 4.5883 -4.572 66.438 -7.4349 -11.77 17.831 2.824 2.555 -25.989 4.2197 3.0732 71.064 -3.751 -8.9727 11.636 3.3466 4.5828 -10.896 2.9806 4.0938 63.675 -7.646 -10.124 17.374 2.5269 4.1087 -23.451 3.2051 5.2679 63.748 -7.2788 -11.019 13.99 2.6069 4.4593 -16.711 3.8801 -6.5981 
-0.0060533797582861597827430522045233 55.031 -8.7567 -2.7863 18.45 4.087 3.626 -20.366 4.0706 3.2541 66.059 -7.6596 3.6847 20.423 6.505 5.5133 -24.408 -2.3973 -1.9462 69.999 -7.806 2.0927 11.419 6.7519 5.7688 7.8773 -7.1484 6.9941 61.976 -6.0838 1.4151 18.89 6.5421 4.4453 -21.283 -7.1555 4.6771 66.217 -1.2202 3.6615 14.736 6.6143 4.8165 -18.163 -9.3425 2.1708 
