SVMTorch V2.08 [Bricoladonf]
0
0
2
0.01
1
1
X
34
45
-0.59608271
0.010586259198033173833941589236929 47.101 -8.8063 -2.7451 14.771 3.0489 3.0245 -17.158 3.5435 -2.0557 48.152 -9.1336 -3.5806 13.054 5.1123 4.9728 11.539 2.6921 3.916 68.849 -0.67609 5.7654 12.486 4.6925 4.3586 6.876 3.8523 -1.6144 47.477 -9.0346 -2.8843 14.95 4.1618 3.7956 -18.171 5.1278 -3.6779 40.889 -6.5568 -4.8867 10.583 3.9482 3.4672 -13.786 1.9747 3.5999 
0.067928595346130271614981666061794 58.49 -6.3121 7.3883 19.634 7.4861 5.1516 -20.108 -6.0463 -4.355 65.914 1.324 6.3786 21.759 6.4713 4.3144 -23.718 6.6532 -3.8997 73.402 2.2033 7.4464 17.306 3.8765 3.5577 -6.7591 -1.922 1.4645 75.008 2.8686 8.1936 22.381 4.1803 3.7793 -26.697 -3.9736 -4.7959 78.518 6.0277 11.001 18.619 7.8845 6.0187 -20.937 11.612 8.4016 
0.00077236351137737521005410812335867 75.642 11.327 10.595 21.945 7.0675 4.9487 -28.338 7.3283 2.8615 51.715 -1.0987 3.0858 18.263 7.9152 6.0414 -15.383 6.4966 -3.322 75.687 4.8434 8.0332 16.479 5.4456 6.5733 -9.7036 3.3003 4.5108 77.386 10.482 11.395 20.507 4.4428 4.2437 -27.393 -4.5228 -6.6883 62.691 -1.1611 5.2764 23.936 10.451 8.7262 14.584 -7.7306 9.5195 
0.019015299726071618890976822058292 59.422 -6.3527 4.5733 17.822 4.6888 3.4246 -22.266 3.9373 -2.8132 64.324 -2.5295 4.6384 16.109 7.6482 3.717 -16.546 -7.9757 5.3204 67.409 -1.5551 3.0229 11.411 5.867 5.2833 7.6554 4.4711 4.6101 55.992 -3.6144 -1.0817 18.058 4.0274 4.8324 -21.825 4.1498 -4.594 58.526 1.0514 3.6617 17.054 3.9499 3.6309 -19.405 2.7091 -2.2213 
0.024419809258940047141939189145887 43.771 -5.4598 -5.1418 14.378 3.7003 4.8138 -15.741 3.7548 3.6237 56.204 -1.0752 2.5948 19.64 5.9734 7.5982 -19.243 4.2617 -4.1832 65.771 -2.5463 -0.65065 15.767 4.1258 4.752 15.276 2.1381 2.5025 59.028 -1.2205 1.9161 23.079 4.9995 5.9395 -13.367 2.7258 -2.2584 75.243 6.0355 9.8603 18.068 7.3569 6.7716 -18.546 10.294 7.2107 
0.0038695141499147842588379742068128 60.586 -6.6541 -1.7689 21.248 4.6494 4.2369 -22.564 2.0332 -3.5158 59.016 -8.3376 4.7882 20.487 6.2291 8.0108 -21.593 -4.5016 6.8293 67.415 -1.0759 5.6004 13.962 12.866 6.7643 7.2128 15.919 6.9945 64.512 -9.7915 6.8487 19.028 7.2211 8.5806 -22.392 -5.0047 7.0574 71.268 -17.106 16.253 13.552 10.262 6.5324 -15.863 -14.058 7.3007 
0.00097393020327184067885112339624243 73.962 -6.4 7.9874 22.167 8.2101 6.7065 -30.196 10.41 -3.7948 64.6 -6.2275 3.343 22.897 5.4714 7.7593 -24.635 1.5211 2.323 68.106 -4.4731 5.2841 17.041 10.322 8.2761 -5.816 12.367 6.7117 68.806 12.159 10.852 16.592 22.687 6.2298 -23.267 15.583 -4.6083 62.841 -8.0246 -2.1426 15.86 12.029 9.6336 -11.182 13.728 11.12 
0.01678463178075505213282525573959 53.492 -6.284 -4.0957 18.449 3.613 4.8693 -20.268 3.5182 0.71394 53.621 -5.6067 -3.4184 15.997 2.8848 2.7779 -20.301 3.4906 -3.1818 65.756 -4.2046 -1.6421 12.262 3.1756 4.1861 12.165 3.0622 5.8881 52.449 -5.849 -3.2839 15.621 3.5972 3.9028 -17.578 3.8387 2.5346 63.352 -8.1453 1.9274 13.365 7.1954 5.253 -17.359 -10.443 6.0647 
0.020937554001419559496222078109895 59.925 -15.4 -5.3311 16.167 4.1671 1.6922 -23.033 5.8413 1.551 62.155 -13.174 -4.7778 17.323 4.6507 2.94 -23.79 6.1395 -2.0003 67.434 -14.291 -4.4803 5.8899 3.4493 1.9206 -6.5488 3.4306 2.3452 60.156 -13.46 -4.3027 15.908 5.5934 2.5319 -21.829 7.3914 3.2573 74.538 -12.521 -6.1315 12.59 4.6644 2.8279 -18.127 -3.987 -4.8068 
0.0019158132291832593273317453252957 53.532 -13.533 -9.1742 17.404 10.902 9.5452 -19.696 -6.4447 2.1997 65.1 -2.5605 0.24608 19.546 4.1714 3.6468 -24.724 5.2162 -1.3998 70.353 -2.6723 -0.18772 9.9198 3.8287 3.4518 -5.2158 3.6716 2.279 56.18 -7.3348 -2.9142 18.597 9.745 8.4167 -17.691 -10.65 -8.5853 66.868 -2.1779 3.4822 14.021 5.6499 3.8172 -19.657 -1.7386 4.6133 
0.0014948412090925265044427661109694 56.912 -9.4273 -7.4099 16.904 10.896 5.801 -21.947 15.038 7.4172 52.649 -12.88 -7.3783 15.334 5.3284 3.2422 -19.648 6.8165 3.3827 69.3 7.026 5.1364 13.003 16.825 12.282 -8.368 10.091 7.507 47.739 -11.543 -6.6839 12.284 6.8145 3.9591 -15.782 8.9528 5.2527 49.786 -12.309 -3.841 9.8885 11.9 6.5226 -9.0878 9.4585 7.9916 
0.012511090598590573694237626511949 53.072 -7.0449 -4.3609 16.288 7.3333 4.3707 -20.148 11.18 5.4684 54.438 -6.6177 -4.3846 16.64 7.0944 3.8197 -20.997 11.33 5.3574 60.109 7.2023 6.9953 12.892 15.088 12.515 10.75 12.385 12.102 56.635 -9.1061 -3.7188 14.609 2.7651 1.8431 -19.512 3.4592 2.2522 53.616 -7.56 -4.7218 13.129 6.0352 3.1292 -13.349 8.6451 3.623 
0.0013067324123781050900644506995718 54.628 -11.241 0.27751 16.383 6.0995 5.5495 -21.285 -6.035 6.3719 58.593 -7.5076 -1.6376 18.248 5.0226 4.6509 -21.513 6.9918 5.1719 66.12 -10.022 5.008 7.1626 8.9022 6.1635 5.5884 8.6046 6.7197 53.539 -9.6673 1.3779 15.12 7.5118 4.4065 -18.372 8.3676 3.6725 60.29 -9.3118 -3.7873 15.837 3.6804 4.7091 -11.68 -4.8876 -4.9628 
0.0029582862191773707724595787738053 45.74 -10.495 -6.0988 13.527 3.8299 3.0163 -17.548 5.0095 -2.738 54.982 -11.523 -7.3328 18.844 6.193 3.4963 -18.752 -1.6494 -2.3299 72.711 -7.5702 -5.0895 16.099 4.2489 3.5715 -9.4681 3.0399 3.611 58.57 -13.653 -7.1891 21.098 8.2249 5.3823 -14.884 6.4708 6.4002 70.558 -7.1961 -0.21429 20.031 9.5514 6.9761 -16.868 -8.8729 7.3372 
0.012111339526345882289248834240425 66.485 -11.687 -11.534 17.487 3.756 3.9758 -25.15 5.9199 -3.5116 61.33 -11.59 1.5328 17.599 5.6225 6.1042 -24.117 4.9105 -4.6429 67.674 -10.424 1.664 8.1972 5.4067 4.7134 10.099 3.7962 1.8415 62.148 -11.365 0.1919 14.733 6.0222 7.1852 -20.725 4.4894 -3.903 64.084 -8.6897 3.3974 12.778 7.9389 5.5607 -17.507 -10.42 6.3794 
0.0076185523070013546828582740033653 77.031 -3.6598 -15.895 21.493 4.0602 6.6198 -29.165 5.5145 -7.1364 57.188 -9.1549 -3.2031 17.188 3.9601 5.8828 -21.494 4.5839 -6.4791 68.452 -5.6582 -3.3331 11.924 5.9358 5.4992 7.8014 3.8427 3.9215 57.483 -11.312 0.096935 15.472 4.4716 6.8166 -19.016 5.6798 -7.3045 61.654 -8.2084 -4.7197 14.151 5.5954 6.2784 -16.54 -3.6881 -3.6032 
0.01244247694628949733874900829278 55.031 -8.7567 -2.7863 18.45 4.087 3.626 -20.366 4.0706 3.2541 66.059 -7.6596 3.6847 20.423 6.505 5.5133 -24.408 -2.3973 -1.9462 69.999 -7.806 2.0927 11.419 6.7519 5.7688 7.8773 -7.1484 6.9941 61.976 -6.0838 1.4151 18.89 6.5421 4.4453 -21.283 -7.1555 4.6771 66.217 -1.2202 3.6615 14.736 6.6143 4.8165 -18.163 -9.3425 2.1708 
0.0098881853459780646303789453099853 85.195 -0.50386 -1.2837 27.361 1.5851 3.2418 -35.95 1.3755 -4.3841 62.144 -3.7456 1.166 18.627 2.8881 2.2335 -23.691 -2.1683 -3.3619 66.351 -3.2016 1.7596 5.9162 1.4257 1.1654 4.5968 1.4288 1.3922 61.418 -4.4676 0.5777 15.154 1.7331 1.8351 -21.083 2.3648 -2.6582 67.965 -4.6814 1.7631 14.663 5.7381 3.1276 -19.651 -9.3607 5.1755 
-0.012985153511474702148209559027237 64.761 -12.611 -11.335 17.655 7.3717 8.449 -24.45 7.743 7.0731 72.325 -5.5488 -5.8052 16.098 9.2643 10.532 -17.565 3.5147 -9.7821 78.614 -7.0187 -7.9967 8.7639 12.532 14.747 6.1462 7.7108 10.99 66.764 -3.5721 -2.1627 22.142 8.0127 9.5151 -25.411 4.5014 -7.968 73.107 -3.4865 -7.6716 19.653 5.6565 5.4762 -25.591 5.2303 5.6659 
-0.016722033081407298299447816702923 50.258 -4.56 0.30778 17.851 3.9318 3.7194 -17.922 4.057 2.601 53.837 -4.3937 1.114 16.054 5.7085 5.5547 -20.682 -1.7025 -4.2858 64.114 0.098556 4.7146 10.268 6.1787 5.3056 5.9159 4.8094 4.1478 59.92 -6.8232 -2.2306 15.976 4.1478 3.1083 -21.652 3.3831 -2.2872 59.666 -7.8691 -2.9961 12.516 5.4973 3.7545 -16.444 -4.4507 2.9489 
-0.0084989956504714879448325604016645 64.718 -3.5657 5.7207 18.504 3.547 2.7183 -26.279 -3.796 -3.2973 63.105 -2.2909 3.262 17.629 4.3987 2.981 -24.579 5.1084 -3.6454 72.856 4.3093 6.9753 6.7508 4.0019 2.7163 -6.3993 2.2219 -2.9638 63.239 -1.2759 3.1441 17.236 3.4218 3.6766 -23.075 -1.2273 -4.5748 71.053 2.7576 3.5031 13.193 7.8036 6.9755 -20.448 9.3623 5.5765 
-0.026259153978626985359579038004085 39.648 -4.5676 -0.35553 13.85 4.8399 4.1117 -6.6121 6.342 5.0658 45.298 -1.4905 0.31304 17.5 6.9769 5.6047 -8.357 8.2044 7.0254 57.528 3.9781 5.6964 18.596 8.3353 7.4659 17.939 4.1493 6.1454 55.148 0.98965 4.2807 20.977 8.7697 5.3246 -12.05 -4.1422 5.0974 60.352 7.7577 9.6489 17.072 10.394 8.1246 -12.711 12.406 10.711 
-0.015375392805401675785925696970935 73.404 -6.5444 -0.74518 25.216 4.5122 3.6445 -26.896 2.1983 -3.8551 74.481 -6.8307 0.51111 20.054 5.4015 4.6734 -19.149 -7.6624 -3.2937 84.194 -2.1343 2.6358 14.345 3.5456 4.8173 -9.1399 -3.2054 3.858 80.158 -4.889 -1.6987 25.836 4.3909 4.4587 -31.902 2.8326 -5.0856 84.511 -6.6433 -3.3325 23.445 4.2159 4.5333 -31.585 4.3102 5.0343 
-0.010325335629116833002782982475765 49.832 -1.5596 4.3827 17.53 3.8101 4.9466 -18.448 3.6238 -3.2788 56.471 1.0928 7.3908 18.55 3.9577 5.0327 -21.874 2.6591 -3.9359 65.538 2.2553 8.9953 8.3274 2.5431 2.9867 4.8411 1.4477 1.4645 57.665 1.0979 8.5792 16.012 2.6087 4.3969 -20.637 -2.3437 -4.9421 66.808 4.4457 12.525 12.754 4.9944 3.335 -18.801 8.0432 3.9937 
-0.0025086655101408832958809203006467 72.803 -25.697 -19.487 19.673 16.28 13.37 -27.11 16.817 14.645 76.526 -19.616 -13.351 13.441 16.156 15.451 -17.969 9.9556 11.685 81.449 -20.234 -14.262 10.016 13.763 12.702 -8.6884 9.4922 10.648 82.659 -0.0064395 3.4956 25.523 9.4025 8.8545 -33.383 -11.087 -11.414 78.95 -2.9007 0.49437 22.517 3.7453 3.5809 -28.227 -1.8792 2.432 
-0.011697965767662372310597973523727 44.697 -6.2727 -3.197 16.148 5.6255 6.729 -13.343 -4.3019 -3.6393 45.587 -2.3228 -0.63428 14.634 3.6702 5.7118 -16.529 4.1154 1.8423 63.255 1.1614 6.4627 15.885 4.6626 6.9624 11.584 3.0722 -2.0061 47.503 -1.7426 1.3037 15.085 3.4539 4.9873 -12.699 2.1963 3.9184 57.121 2.7814 7.8663 14.744 4.8251 5.1116 -15.413 6.778 5.3087 
-0.0056190191678058111837690269396717 51.596 1.2064 -4.1305 22.047 3.141 9.5403 5.6816 2.9324 7.3379 70.478 3.7789 5.3269 24.666 6.8868 7.2922 -26.114 6.7171 -5.6019 72.204 5.0992 5.3824 19.109 5.8368 5.8419 -3.8666 4.4058 2.9341 62.941 -0.75302 4.6282 22.176 4.6977 7.683 -19.599 4.4061 3.0368 61.186 2.9414 -0.67103 19.639 9.272 6.9333 11.73 8.6644 8.0328 
-0.01500061553548402877578116232371 79.375 -15.167 -9.6131 20.868 11.184 7.0291 -27.342 7.7663 -7.1505 70.004 -1.2013 3.4769 20.422 7.4908 7.1665 -26.974 4.1367 5.2677 74.521 1.046 5.1794 14.795 5.988 6.4464 -10.233 -2.08 4.9091 74.167 -4.3533 0.43917 20.6 8.5284 8.9915 -25.239 -7.2523 -3.8916 67.861 2.7093 11.096 17.522 8.1879 7.4518 -19.168 6.4763 -6.4049 
-0.021045965801208092738061594673127 54.561 -10.062 8.0465 15.426 3.7981 4.4041 -21.291 -3.2484 -4.8445 59.186 -3.5149 9.385 17.934 10.19 4.5203 -21.665 10.507 -4.9903 67.088 -1.4668 10.885 11.165 9.0982 3.3225 11.122 7.0309 2.0846 60.164 -2.1695 8.5929 18.404 9.888 4.9985 -19.327 8.3455 -5.6431 70.704 9.9531 11.518 12.643 6.9184 5.2137 -18.403 10.204 7.4724 
-0.026090119863731067728629398061457 49.505 -12.833 -6.5348 13.896 4.4498 3.2524 -18.839 5.411 -3.2374 55.6 -10.861 -3.8766 17.117 4.8919 3.0817 -20.589 4.9976 -1.977 67.164 -8.4434 -2.5381 10.134 3.3131 2.3464 7.7321 -1.8593 0.78955 56.232 -9.6763 -3.3219 15.724 4.886 3.156 -19.233 6.0241 1.8424 74.098 -10.643 -3.5965 12.911 4.1972 2.3387 -18.579 -5.6881 -2.9272 
-0.003227677602579945986827070214531 44.92 -7.4461 -4.1387 13.585 3.0907 2.4491 -16.329 3.2466 -0.47345 60.686 -5.8254 -2.2715 19.401 4.4031 3.021 -4.9391 -5.237 -2.3775 67.205 -2.4575 0.12744 15.039 2.8241 3.1916 12.881 1.5494 2.5147 66.917 -2.6343 -1.9256 27.257 4.0707 4.5836 -24.661 1.3238 -4.1892 76.197 -2.1571 -0.1485 25.258 2.3384 3.0012 -27.352 1.8127 2.6888 
-0.047214926559662070970624370147561 67.545 -4.1763 4.1555 19.932 3.5729 2.819 -26.96 -4.1873 -2.3315 65.001 -4.0398 3.7652 18.735 3.1029 2.6957 -25.266 2.7564 -3.2842 69.049 -2.3214 4.0268 11.266 2.1479 2.8764 -7.4586 -0.81988 1.2896 65.154 -3.8602 4.4017 18.697 2.6301 2.9351 -23.481 1.6156 -2.4792 71.614 -4.5762 6.1662 13.971 6.1161 3.4264 -20.621 -10.113 4.6603 
-0.0034289314859602131220495113694824 76.927 -10.675 -16.479 20.219 4.5899 4.8035 -28.511 7.0283 -5.0813 72.076 -6.7522 -9.4201 22.799 5.0873 7.3058 -27.649 4.6278 5.9142 69.143 -4.7534 -5.0779 14.916 4.4385 6.9199 -3.351 1.8552 -2.4506 76.868 -7.9093 -10.905 19.898 3.1591 4.5945 -28.075 4.4494 5.6627 72.771 -5.4004 -6.5815 16.245 3.0983 5.0125 -22.23 -3.4291 3.3725 
-0.0015353230192170197986045732108096 74.589 0.81948 -4.9033 20.242 3.9374 8.9346 -27.154 -2.9071 -11.45 73.215 0.86247 1.0119 20.675 3.5901 3.1485 -28.354 2.4249 -4.1568 72.496 1.3883 3.825 10.178 3.419 2.6295 6.7885 -3.105 -0.94908 68.918 0.63664 2.7532 18.881 3.8291 2.8236 -23.6 -4.5538 -1.783 68.91 -7.899 4.9617 13.999 9.6917 5.3411 -16.47 -13.531 7.8763 
