SVMTorch V2.08 [Bricoladonf]
0
0
2
0.01
1
1
X
31
45
-3.6979493
0.0012792412125433073617070123262351 63.876 1.6159 -30.899 15.832 3.1062 3.4327 -23.026 4.5118 2.9188 64.254 1.754 -31.469 16.3 2.7606 5.797 -24.209 3.7381 9.4466 68.6 1.8419 -25.293 8.7273 2.1288 15.238 -9.5014 1.1037 18.688 65.479 1.3898 -31.169 14.517 2.152 5.4095 -22.47 3.2916 9.3871 66.57 1.5789 -30.108 8.8794 3.6475 9.0967 -14.364 5.8284 8.162 
0.012870409794754679791428664259456 86.477 -2.5329 3.9539 25.491 4.6895 4.3109 -34.66 -7.1052 3.1446 61.229 0.50377 10.226 19.789 3.5214 5.4648 -21.529 4.2958 -5.5531 79.952 0.98286 11.087 10.556 2.4456 5.7877 -7.5191 -2.0215 -4.9814 83.405 -0.15463 5.9556 23.685 2.6069 6.5961 -29.469 4.2307 6.5122 61.793 -0.19035 10.173 13.737 4.4682 9.2669 -14.789 6.256 -10.873 
0.026017156503485357188498738878479 75.585 -5.4843 -12.32 20.391 2.7962 4.0746 -29.625 4.2492 -5.6938 72.16 -4.7925 2.3809 19.491 4.1007 14.257 -28.165 5.1604 3.8148 75.05 -1.6724 7.415 8.3255 5.8416 13.828 -7.6161 5.2337 -10.255 71.579 -2.3844 4.9517 17.27 5.4763 13.83 -24.911 5.5621 -6.9078 76.214 -0.094078 10.885 14.839 4.7314 5.6801 -22.508 6.1842 6.0737 
0.0035356780836324572941942179227226 55.599 2.4238 6.267 16.146 4.6685 3.9137 -21.909 4.4898 -3.6311 61.377 3.7494 9.4497 17.444 5.6283 6.2719 -23.197 -2.7373 -6.7017 69.016 3.8512 11.955 6.991 3.4563 5.0465 2.2961 1.7919 3.5672 61.531 0.6891 9.3492 16.108 6.2829 8.0951 -21.131 -3.4497 -6.7919 76.328 -9.5879 -4.1849 12.139 4.9956 12.21 -17.315 4.9696 10.645 
0.027138645054172325782326780085896 63.066 -2.6581 1.8241 18.509 3.4806 3.2551 -26.004 3.1534 -2.4861 66.763 -3.6357 -0.36215 18.547 3.9272 4.8043 -26.275 3.445 -2.708 72.43 -3.315 0.14306 9.1738 5.4873 5.8583 -8.8636 -3.2258 -1.7254 64.13 -3.1956 2.0516 17.372 4.9093 4.8815 -23.531 -2.434 4.173 67.46 -5.2409 -1.5272 13.154 3.9012 5.478 -19.007 -4.194 -4.0988 
0.0030684994017245708491925526573141 63.044 -19.272 -12.935 20.386 9.608 10.903 -20.955 7.7541 8.1671 54.104 -10.928 4.3917 17.131 6.6208 6.4516 -20.535 5.7747 -6.9366 71.829 -16.827 -6.404 12.508 12.87 13.062 -10.213 -8.1445 -5.6586 73.099 -23.822 -12.326 20.94 11.366 9.3081 -24.428 11.802 6.8774 71.176 -19.977 -9.2979 16.6 10.148 12.236 -17.394 3.9205 9.4167 
0.0017729527278393384433913260167515 32.096 -5.0765 2.5046 9.8141 2.8055 2.4565 -12.699 2.0194 3.4551 46.143 -1.3518 16.231 22.149 6.7349 18.892 14.322 6.3592 19.214 53.727 -2.6129 16.491 19.183 5.4078 15.522 15.712 3.9855 15.701 57.176 0.24955 23.429 21.136 6.7801 18.508 -17.498 6.9095 15.703 71.016 6.6602 40.782 16.259 7.1857 16.397 -15.644 10.206 16.254 
0.0018488921304972763797608292790642 50.096 -15.266 5.5841 17 6.121 9.2858 -17.003 4.4332 -7.3171 59.73 -14.132 3.8719 22.1 6.1912 10.363 -19.548 7.4717 5.3076 63 -7.9127 11.9 17.651 7.829 6.2627 15.693 -2.526 7.0732 55.065 -13.137 6.7671 17.993 8.0863 10.35 -15.375 7.6634 -5.9088 60.661 -3.2689 19.052 18.195 10.509 10.723 -9.3777 9.3521 11.16 
0.0070603117705850763213826226660785 60.552 -4.6017 7.986 18.719 8.7741 7.4972 -22.358 7.4208 5.0902 59.688 -3.5836 9.2618 19.193 8.412 8.1744 -21.494 5.3212 7.8703 67.044 -0.33036 11.425 9.2142 6.1298 5.8502 6.3031 4.3271 5.6758 58.483 -12.041 2.2461 14.01 5.422 4.578 -19.689 -3.8674 -2.6595 63.069 -10.059 4.3198 13.164 7.2846 5.9185 -15.169 -10.592 5.9673 
0.0078336408436008760081126212071467 44.007 -8.1928 16.671 14.561 6.3401 7.4841 -14.453 -8.1143 8.2337 57.961 -13.314 23.246 22.188 12.611 13.446 -19.247 3.2549 12.075 62.498 1.0281 14.165 14.033 5.9215 8.4583 9.5134 -3.8594 10.796 50.047 -1.7946 11.632 16.07 5.8257 6.5242 -14.349 5.3445 -4.4339 61.695 3.8373 13.479 14.865 7.3912 7.153 -17.169 4.3673 7.4068 
0.036073313736322019928959292656145 52.085 3.5606 3.4872 16.851 3.6501 3.3432 -20.229 2.8103 -3.5633 50.034 5.4073 1.3227 17.252 3.7385 2.8025 -18.615 2.6732 -2.9177 71.838 4.5777 7.0435 15.925 2.4539 3.689 -10.119 2.7695 3.9707 50.933 4.6381 2.2026 16.727 4.4932 2.8782 -16.341 -4.362 2.4759 52.994 5.2986 2.4811 15.362 4.7472 2.9275 -14.779 5.8163 3.9096 
0.002635711122714486792650845359276 50.311 -7.8769 13.578 14.406 5.1627 4.1766 -19.362 -4.6886 -4.8922 58.051 -5.0316 10.735 17.422 2.9106 4.4916 -22.322 2.4045 -5.2979 72.919 -2.3653 11.172 15.432 4.2836 3.4952 10.688 3.9962 2.9154 53.999 -12.665 16.175 16.327 4.3168 5.23 -7.622 5.3334 -6.4169 85.31 -2.8374 8.0424 22.918 4.6051 5.039 -26.746 -5.714 5.6673 
0.0075747451621451973580168015587333 64.637 0.1463 8.2372 19.531 2.2653 4.6383 -19.073 2.9928 -2.7817 65.996 0.12316 5.9347 25.859 3.8728 5.7898 -22.14 5.6716 2.7819 73.319 0.97621 7.8442 15.48 2.2712 4.8413 10.521 2.2306 5.1857 71.133 1.9182 9.2367 19.76 4.053 4.6507 -16.643 6.2087 4.9776 86.214 1.0006 2.691 27.132 2.948 6.5837 -35.68 3.8258 5.4769 
0.0049843272288981757892067925297397 75.527 -5.9994 11.852 22.593 5.1572 18.356 -28.568 5.755 -4.1155 76.917 4.6232 15.771 14.27 7.1328 6.1723 -20.79 9.5387 8.0258 72.731 0.5339 24.829 6.7305 6.0393 5.5452 -6.195 -5.0357 4.9906 68.597 -2.442 13.501 19.916 6.0625 14.188 -26.799 6.0995 -8.7005 64.67 -0.27942 18.368 15.65 6.0464 10.315 -21.742 3.8331 -9.09 
0.021996181806174502221251643163669 63.178 0.13952 4.3248 19.594 3.45 4.3958 -25.312 4.0883 -3.8994 66.407 0.16843 2.0327 20.349 3.6629 5.5104 -25.573 3.8319 -2.9036 79.562 3.4579 3.4017 8.9224 2.5967 4.4668 -7.9373 -0.36951 4.178 67.83 0.37148 4.4767 19.689 3.5565 5.2803 -22.757 3.0208 4.1276 73.457 1.8328 3.1394 17.782 4.7129 4.5256 -23.003 6.0243 2.7891 
0.023674096722111660773268937418834 53.277 -11.852 -3.7555 14.305 3.416 2.7146 -20.596 4.846 -3.1615 61.82 -7.7913 -2.9308 18.126 3.53 2.6985 -24.044 3.998 -2.1433 65.853 -8.4343 -2.3426 10.604 3.1378 3.1822 -12.183 -4.1504 4.4374 61.483 -9.81 -4.1218 14.904 4.0418 2.0583 -20.931 2.9127 -2.673 65.589 -9.2866 -2.2731 10.837 4.9503 2.4205 -17.318 -8.1791 4.2269 
-0.014013531908859825150792666192956 76.138 -7.5789 -15.145 19.979 4.5871 5.3072 -28.309 6.0716 -3.6366 76.064 -9.0854 -14.737 20.472 3.6839 5.4367 -29.053 4.9989 7.1527 72.241 -2.755 -5.146 14.951 4.3719 8.8361 -5.7602 2.9135 2.1615 66.271 -6.6789 -7.5097 18.718 5.6738 7.4089 -24.19 5.5042 7.1334 66.304 -6.6934 -3.8892 15.886 5.5074 8.7305 -19.162 -6.9196 -4.6955 
-0.038021221646880001832080608892284 64.613 -1.3422 7.7415 18.821 3.563 3.0527 -26.399 2.6047 -4.7061 65.823 2.693 9.2676 18.426 4.4808 3.7053 -26.082 3.4485 -5.2231 72.887 4.1842 9.8111 6.4133 3.6518 2.6946 -4.0702 -1.5821 -2.3641 64.311 2.1927 9.0407 17.819 4.1513 4.3322 -23.627 -2.8209 -4.9579 69.509 2.6487 9.0872 13.471 5.0931 3.9217 -20.837 6.3506 3.4818 
-0.0026888038604084723605380791155994 64.375 3.7088 9.2165 17.964 5.5508 3.2014 -25.226 7.3646 -3.0453 63.432 -1.0985 3.6343 18.29 8.4177 7.4216 -24.399 -6.555 -7.043 70.027 0.22231 5.4988 7.3989 6.6992 6.5031 6.4512 -6.4355 -7.0895 62.991 -2.2546 4.1486 16.881 4.8153 4.9635 -23.136 -3.3599 -3.9845 66.522 -5.2962 1.6003 12.427 6.9115 5.3625 -19.247 4.0246 4.6157 
-0.0062660241750589354761680205285757 61.419 -7.4555 7.5928 17.038 5.8246 2.8125 -24.38 -4.3063 -2.9403 61.207 -2.3226 5.2997 17.297 5.8119 4.1776 -23.738 -4.199 -3.8164 72.491 5.0235 6.9882 6.0487 4.0842 4.2362 -3.4725 1.8237 -3.7971 60.633 -2.385 2.0307 16.763 4.4686 4.3462 -22.092 3.9455 -2.4505 63.409 -1.9608 1.4445 13.675 4.4588 3.6198 -19.523 3.1579 3.4722 
-0.01765420344536178590133523869099 60.801 1.1565 0.1159 21.857 4.9612 5.8921 -22.704 3.4346 -3.9883 48.88 -2.9797 5.1733 17.341 6.7462 5.6763 -16.53 6.1406 -2.509 81.728 5.3554 0.012568 12.007 2.9368 6.6644 -12.012 2.1728 6.8921 53.221 -1.5488 1.7598 16.649 4.8194 4.4253 -14.766 4.8348 2.7877 68.495 9.936 10.559 14.684 6.8616 6.4119 -18.286 8.9249 4.7029 
-0.015193364535575201376693676991181 70.045 2.4963 11.772 20.337 4.482 4.6692 -27.968 5.1239 -5.1416 68.528 2.1132 13.106 19.88 3.6291 5.2184 -26.378 3.4521 -5.9879 67.741 0.67044 10.578 13.986 3.7614 5.5696 -7.5993 1.0274 -2.7695 64.9 0.022965 9.5594 18.713 3.1193 4.8516 -23.202 -0.55973 -5.6151 69.146 0.26539 13.325 14.586 5.0643 4.3292 -19.486 -4.282 2.6809 
-0.0041741340096096328851626999778546 72.803 -25.697 -19.487 19.673 16.28 13.37 -27.11 16.817 14.645 76.526 -19.616 -13.351 13.441 16.156 15.451 -17.969 9.9556 11.685 81.449 -20.234 -14.262 10.016 13.763 12.702 -8.6884 9.4922 10.648 82.659 -0.0064395 3.4956 25.523 9.4025 8.8545 -33.383 -11.087 -11.414 78.95 -2.9007 0.49437 22.517 3.7453 3.5809 -28.227 -1.8792 2.432 
-0.011160186557216594804842202393047 53.134 1.4432 5.7194 16.56 4.1586 4.2555 -21.149 4.3848 -4.319 52.57 0.020134 8.5776 15.834 4.7685 5.5609 -20.029 4.9595 -2.304 62.76 2.7411 10.342 8.0585 4.0387 3.8324 4.1159 3.9719 3.8594 59.565 2.6037 9.7671 15.665 3.6845 5.3491 -21.122 -3.1197 -5.1615 56.596 1.0721 11.935 11.342 4.3007 3.8219 -16.49 5.0495 -2.3605 
-0.0029822881366977529830897264417899 51.596 1.2064 -4.1305 22.047 3.141 9.5403 5.6816 2.9324 7.3379 70.478 3.7789 5.3269 24.666 6.8868 7.2922 -26.114 6.7171 -5.6019 72.204 5.0992 5.3824 19.109 5.8368 5.8419 -3.8666 4.4058 2.9341 62.941 -0.75302 4.6282 22.176 4.6977 7.683 -19.599 4.4061 3.0368 61.186 2.9414 -0.67103 19.639 9.272 6.9333 11.73 8.6644 8.0328 
-0.026197662980795538567591052014905 36.578 -4.8955 -6.315 9.8009 2.2763 3.0391 -14.48 2.9536 1.7857 57.744 -4.6035 1.0727 19.125 8.3039 12.384 -11.718 9.1969 10.88 67.59 1.5905 8.0248 16.241 6.6449 9.1722 -6.5877 -4.3938 -4.4786 53.222 -5.9215 0.11751 21.211 7.4413 11.315 -17.183 8.1272 9.8945 56.023 -9.4336 -6.247 14.491 6.1864 4.5067 -19.259 7.9397 5.5271 
-0.0036185211509222200108870648449511 79.375 -15.167 -9.6131 20.868 11.184 7.0291 -27.342 7.7663 -7.1505 70.004 -1.2013 3.4769 20.422 7.4908 7.1665 -26.974 4.1367 5.2677 74.521 1.046 5.1794 14.795 5.988 6.4464 -10.233 -2.08 4.9091 74.167 -4.3533 0.43917 20.6 8.5284 8.9915 -25.239 -7.2523 -3.8916 67.861 2.7093 11.096 17.522 8.1879 7.4518 -19.168 6.4763 -6.4049 
-0.0050974616224843524378562698018413 48.316 -8.2217 1.8856 19.708 6.3199 11.006 -11.762 4.3733 8.6169 45.55 -8.3434 -5.3532 14.773 5.5646 4.9453 -16.009 5.9183 4.0743 64.817 0.21236 7.0145 17.938 8.1556 9.8611 15.454 4.2268 8.0755 51.529 -8.0527 1.7376 17.412 7.1597 9.3669 -10.945 7.5822 10.177 62.141 -4.0355 0.93227 14.105 9.4037 8.3009 -16.369 8.2316 7.4285 
-0.01285383934671906029645338520595 78.607 -5.4566 -6.8182 24.441 3.9807 7.6791 -30.124 4.954 -5.803 61.269 -1.8804 2.1065 18.922 3.1131 5.9775 -22.687 3.291 -7.4008 77.074 -3.5803 -3.898 15.411 3.4232 7.5276 -12.59 2.946 5.0296 79.591 -5.5756 -7.364 22.257 2.4419 4.9822 -28.934 3.378 5.2925 78.048 -3.6588 -7.8698 15.292 2.3264 6.9066 -21.169 1.7895 -8.8 
-0.029098777796356407182587489046455 67.545 -4.1763 4.1555 19.932 3.5729 2.819 -26.96 -4.1873 -2.3315 65.001 -4.0398 3.7652 18.735 3.1029 2.6957 -25.266 2.7564 -3.2842 69.049 -2.3214 4.0268 11.266 2.1479 2.8764 -7.4586 -0.81988 1.2896 65.154 -3.8602 4.4017 18.697 2.6301 2.9351 -23.481 1.6156 -2.4792 71.614 -4.5762 6.1662 13.971 6.1161 3.4264 -20.621 -10.113 4.6603 
-0.0003437821282554387090045489028256 60.191 2.8076 6.2008 17.184 7.6256 3.346 -23.576 -6.9045 0.9954 64.363 -0.63394 5.9313 19.236 5.0789 4.4284 -25.035 0.69688 -3.8849 72.592 1.2744 6.564 11.54 5.3168 3.3959 10.211 4.3001 1.8043 63.419 0.91401 5.8924 15.333 6.7063 3.4514 -21.28 4.8898 -2.9638 66.949 -4.6846 4.6331 12.583 6.3928 3.8046 -19.401 -8.8965 4.8356 
