SVMTorch V2.08 [Bricoladonf]
0
0
2
0.01
1
1
X
110
1
-0.22748315
100 -5.605229 
100 16.43743 
100 2.158734 
100 12.13288 
100 11.54498 
100 15.63155 
100 17.87021 
100 7.184215 
100 -1.098846 
100 13.44034 
100 9.900867 
100 4.705008 
100 17.90955 
100 4.446822 
100 4.722075 
100 6.974556 
100 3.08294 
100 1.24156 
100 3.403015 
100 -0.29888 
100 3.185417 
100 1.690832 
100 -4.811006 
100 -0.5060344 
100 -7.636975 
100 0.2703669 
100 2.146615 
100 -5.134406 
100 -6.073993 
100 4.304685 
100 -21.88848 
100 -23.67613 
86.013197458971234254931914620101 -24.84413 
100 -14.26356 
100 -7.69406 
100 -13.6641 
100 -18.06579 
100 -9.634564 
100 -9.414013 
100 -12.542 
100 -9.764934 
100 -18.61881 
100 -12.47489 
100 -23.72604 
100 -4.310983 
100 -5.125819 
100 -3.287451 
100 7.582211 
100 -8.194698 
100 -0.4685147 
100 0.1295167 
100 -17.92776 
100 -7.768524 
100 -1.215827 
100 -3.007518 
-100 13.65398 
-100 10.93419 
-100 -21.09777 
-100 0.1369885 
-100 14.18733 
-100 -28.71147 
-100 -23.36233 
-100 5.219199 
-100 8.872163 
-100 0.08385527 
-100 11.06339 
-100 -2.485067 
-100 8.626902 
-100 10.1314 
-100 7.974024 
-100 7.830684 
-100 12.74056 
-100 4.761368 
-100 14.50429 
-100 10.95315 
-100 10.9612 
-100 9.827326 
-100 -12.91447 
-100 -9.066865 
-100 -5.43879 
-100 -35.4406 
-100 -12.16734 
-100 -27.99005 
-100 12.65585 
-100 8.913027 
-100 -11.11211 
-100 13.85255 
-100 -0.6894339 
-100 7.062138 
-100 -3.946325 
-100 -7.657992 
-100 -1.51738 
-100 1.73531 
-100 -0.621401 
-100 -22.76836 
-100 -17.25502 
-100 -49.22505 
-86.013197459179039583432313520461 15.63566 
-100 -16.61974 
-100 -6.766769 
-100 -3.409235 
-100 4.160671 
-100 4.196676 
-100 -17.35375 
-100 11.95269 
-100 -29.77916 
-100 7.271488 
-100 2.254366 
-100 -16.5056 
-100 6.764385 
