SVMTorch V2.08 [Bricoladonf]
0
0
2
0.01
1
1
X
140
1
-0.74590211
100 -52.46775 
100 -58.27861 
100 -48.51731 
100 -39.54224 
100 -19.69641 
100 10.45569 
100 22.09958 
100 -22.96981 
100 11.90507 
100 -2.567988 
100 -0.9300069 
100 14.33194 
100 -9.434494 
100 -3.957829 
100 -7.636944 
100 -33.71284 
100 -18.12125 
100 11.57441 
100 10.64385 
100 15.94065 
100 33.66378 
100 6.59019 
100 14.67768 
100 34.2182 
100 7.300499 
100 9.604899 
100 8.691214 
100 16.70058 
100 -23.60191 
100 31.29627 
100 6.711731 
100 12.71729 
100 28.14178 
100 27.97511 
100 31.39378 
100 20.17143 
100 13.65316 
100 -3.085409 
100 9.886122 
100 28.66163 
100 23.45392 
100 37.09043 
100 19.15496 
100 11.6185 
100 23.75416 
100 20.03437 
100 14.40924 
100 13.03767 
100 19.13623 
100 28.69529 
100 -4.667264 
100 27.50702 
100 6.036039 
100 23.74408 
100 6.409865 
100 -0.3292864 
100 29.89818 
100 23.50008 
100 15.36626 
100 34.63086 
100 16.21535 
100 19.20048 
100 -2.183336 
100 -21.64817 
100 -5.735985 
100 -15.25811 
100 -15.24731 
53.584783545053660702706110896543 37.36983 
100 -17.69124 
100 5.350033 
-100 13.65398 
-100 10.93419 
-100 -21.09777 
-100 17.03141 
-100 0.1369885 
-100 14.18733 
-100 -28.71147 
-100 -23.36233 
-100 35.72508 
-100 5.219199 
-100 37.33598 
-100 8.872163 
-100 0.08385527 
-100 11.06339 
-100 -2.485067 
-100 17.88499 
-100 8.626902 
-100 19.32562 
-100 10.1314 
-100 7.974024 
-100 7.830684 
-100 12.74056 
-100 4.761368 
-100 14.50429 
-100 10.95315 
-100 35.02902 
-100 10.9612 
-100 25.62734 
-100 9.827326 
-100 -12.91447 
-100 22.64189 
-100 18.19816 
-100 25.11578 
-100 20.69381 
-53.584783545072539823195256758481 -5.43879 
-100 18.7116 
-100 -12.16734 
-100 -27.99005 
-100 12.65585 
-100 8.913027 
-100 19.87834 
-100 21.84335 
-100 -11.11211 
-100 13.85255 
-100 -0.6894339 
-100 26.0296 
-100 7.062138 
-100 -3.946325 
-100 -1.51738 
-100 1.73531 
-100 -0.621401 
-100 19.05942 
-100 -22.76836 
-100 -17.25502 
-100 18.37972 
-100 26.25186 
-100 23.42754 
-100 15.63566 
-100 -16.61974 
-100 -3.409235 
-100 4.160671 
-100 4.196676 
-100 -17.35375 
-100 11.95269 
-100 -29.77916 
-100 7.271488 
-100 2.254366 
-100 -16.5056 
-100 6.764385 
-100 16.10518 
