150 2
-5.246775e+01 +1
-5.827861e+01 +1
-4.851731e+01 +1
-3.954224e+01 +1
-1.969641e+01 +1
1.045569e+01 +1
2.209958e+01 +1
-2.296981e+01 +1
1.190507e+01 +1
-2.567988e+00 +1
-9.300069e-01 +1
1.433194e+01 +1
-9.434494e+00 +1
-3.957829e+00 +1
-7.636944e+00 +1
-3.371284e+01 +1
-1.812125e+01 +1
4.325734e+01 +1
1.157441e+01 +1
1.064385e+01 +1
1.594065e+01 +1
3.366378e+01 +1
6.590190e+00 +1
1.467768e+01 +1
3.421820e+01 +1
7.300499e+00 +1
9.604899e+00 +1
8.691214e+00 +1
1.670058e+01 +1
-2.360191e+01 +1
4.693081e+01 +1
3.129627e+01 +1
6.711731e+00 +1
1.271729e+01 +1
4.452906e+01 +1
2.814178e+01 +1
2.797511e+01 +1
3.139378e+01 +1
2.017143e+01 +1
1.365316e+01 +1
-3.085409e+00 +1
9.886122e+00 +1
2.866163e+01 +1
2.345392e+01 +1
3.709043e+01 +1
1.915496e+01 +1
4.565337e+01 +1
1.161850e+01 +1
2.375416e+01 +1
2.003437e+01 +1
1.440924e+01 +1
1.303767e+01 +1
1.913623e+01 +1
2.869529e+01 +1
-4.667264e+00 +1
2.750702e+01 +1
6.036039e+00 +1
2.374408e+01 +1
6.409865e+00 +1
-3.292864e-01 +1
2.989818e+01 +1
2.350008e+01 +1
1.536626e+01 +1
3.463086e+01 +1
1.621535e+01 +1
1.920048e+01 +1
-2.183336e+00 +1
-2.164817e+01 +1
-5.735985e+00 +1
-1.525811e+01 +1
-1.524731e+01 +1
3.736983e+01 +1
4.260212e+01 +1
-1.769124e+01 +1
5.350033e+00 +1
-5.605229e+00 -1
1.643743e+01 -1
2.158734e+00 -1
1.213288e+01 -1
1.154498e+01 -1
1.563155e+01 -1
1.787021e+01 -1
7.184215e+00 -1
-1.098846e+00 -1
1.344034e+01 -1
9.900867e+00 -1
4.705008e+00 -1
1.790955e+01 -1
4.446822e+00 -1
4.722075e+00 -1
6.974556e+00 -1
3.082940e+00 -1
1.241560e+00 -1
-5.838077e+01 -1
-6.155982e+01 -1
3.403015e+00 -1
-2.882280e+01 -1
-2.842671e+01 -1
-6.204288e+01 -1
-4.925950e+01 -1
-6.555759e+01 -1
-2.988800e-01 -1
3.185417e+00 -1
1.690832e+00 -1
-4.811006e+00 -1
-6.338522e+01 -1
-5.060344e-01 -1
-7.636975e+00 -1
2.703669e-01 -1
-5.737906e+01 -1
2.146615e+00 -1
-2.585158e+01 -1
-3.787379e+01 -1
-2.822183e+01 -1
-3.880250e+01 -1
-5.134406e+00 -1
-6.073993e+00 -1
-2.711449e+01 -1
4.304685e+00 -1
-2.188848e+01 -1
-2.367613e+01 -1
-4.901653e+01 -1
-2.484413e+01 -1
-1.426356e+01 -1
-7.694060e+00 -1
-1.366410e+01 -1
-1.806579e+01 -1
-9.634564e+00 -1
-9.414013e+00 -1
-1.254200e+01 -1
-2.830192e+01 -1
-9.764934e+00 -1
-1.861881e+01 -1
-1.247489e+01 -1
-5.219251e+01 -1
-2.372604e+01 -1
-4.310983e+00 -1
-5.125819e+00 -1
-3.287451e+00 -1
7.582211e+00 -1
-8.194698e+00 -1
-5.815092e+01 -1
-4.685147e-01 -1
1.295167e-01 -1
-1.792776e+01 -1
-7.768524e+00 -1
-4.794318e+01 -1
-3.068985e+01 -1
-1.215827e+00 -1
-3.007518e+00 -1
