150 2
-5.246775e+01 +1
-5.827861e+01 +1
-4.851731e+01 +1
-3.954224e+01 +1
-1.969641e+01 +1
1.045569e+01 +1
2.209958e+01 +1
-2.296981e+01 +1
1.190507e+01 +1
-2.567988e+00 +1
-9.300069e-01 +1
1.433194e+01 +1
-9.434494e+00 +1
-3.957829e+00 +1
-7.636944e+00 +1
-3.371284e+01 +1
-1.812125e+01 +1
4.325734e+01 +1
1.157441e+01 +1
1.064385e+01 +1
1.594065e+01 +1
3.366378e+01 +1
6.590190e+00 +1
1.467768e+01 +1
3.421820e+01 +1
7.300499e+00 +1
9.604899e+00 +1
8.691214e+00 +1
1.670058e+01 +1
-2.360191e+01 +1
4.693081e+01 +1
3.129627e+01 +1
6.711731e+00 +1
1.271729e+01 +1
4.452906e+01 +1
2.814178e+01 +1
2.797511e+01 +1
3.139378e+01 +1
2.017143e+01 +1
1.365316e+01 +1
-3.085409e+00 +1
9.886122e+00 +1
2.866163e+01 +1
2.345392e+01 +1
3.709043e+01 +1
1.915496e+01 +1
4.565337e+01 +1
1.161850e+01 +1
2.375416e+01 +1
2.003437e+01 +1
1.440924e+01 +1
1.303767e+01 +1
1.913623e+01 +1
2.869529e+01 +1
-4.667264e+00 +1
2.750702e+01 +1
6.036039e+00 +1
2.374408e+01 +1
6.409865e+00 +1
-3.292864e-01 +1
2.989818e+01 +1
2.350008e+01 +1
1.536626e+01 +1
3.463086e+01 +1
1.621535e+01 +1
1.920048e+01 +1
-2.183336e+00 +1
-2.164817e+01 +1
-5.735985e+00 +1
-1.525811e+01 +1
-1.524731e+01 +1
3.736983e+01 +1
4.260212e+01 +1
-1.769124e+01 +1
5.350033e+00 +1
1.365398e+01 -1
1.093419e+01 -1
-2.109777e+01 -1
1.703141e+01 -1
1.369885e-01 -1
1.418733e+01 -1
-2.871147e+01 -1
-2.336233e+01 -1
3.572508e+01 -1
5.219199e+00 -1
3.733598e+01 -1
8.872163e+00 -1
8.385527e-02 -1
1.106339e+01 -1
-2.485067e+00 -1
1.788499e+01 -1
8.626902e+00 -1
1.932562e+01 -1
1.013140e+01 -1
7.974024e+00 -1
7.830684e+00 -1
1.274056e+01 -1
4.761368e+00 -1
1.450429e+01 -1
1.095315e+01 -1
3.502902e+01 -1
1.096120e+01 -1
2.562734e+01 -1
9.827326e+00 -1
-1.291447e+01 -1
2.264189e+01 -1
1.819816e+01 -1
-9.066865e+00 -1
2.511578e+01 -1
2.069381e+01 -1
-5.438790e+00 -1
-3.544060e+01 -1
1.871160e+01 -1
-1.216734e+01 -1
-2.799005e+01 -1
1.265585e+01 -1
8.913027e+00 -1
1.987834e+01 -1
2.184335e+01 -1
-1.111211e+01 -1
1.385255e+01 -1
-6.894339e-01 -1
2.602960e+01 -1
7.062138e+00 -1
-3.946325e+00 -1
-7.657992e+00 -1
-1.517380e+00 -1
1.735310e+00 -1
-6.214010e-01 -1
1.905942e+01 -1
-2.276836e+01 -1
-1.725502e+01 -1
1.837972e+01 -1
2.625186e+01 -1
2.342754e+01 -1
-4.922505e+01 -1
1.563566e+01 -1
-1.661974e+01 -1
-6.766769e+00 -1
-3.409235e+00 -1
4.160671e+00 -1
4.196676e+00 -1
-1.735375e+01 -1
1.195269e+01 -1
-2.977916e+01 -1
7.271488e+00 -1
2.254366e+00 -1
-1.650560e+01 -1
6.764385e+00 -1
1.610518e+01 -1
