SVMTorch V2.08 [Bricoladonf]
0
0
2
0.01
1
1
X
106
1
0.034440755
100 -52.46775 
100 -58.27861 
100 -48.51731 
100 -39.54224 
100 -19.69641 
100 10.45569 
2.9606263080263555131921293650521 22.09958 
100 -22.96981 
100 11.90507 
100 -2.567988 
100 -0.9300069 
100 14.33194 
100 -9.434494 
100 -3.957829 
100 -7.636944 
100 -33.71284 
100 -18.12125 
100 11.57441 
100 10.64385 
100 15.94065 
100 6.59019 
100 14.67768 
100 7.300499 
100 9.604899 
100 8.691214 
100 16.70058 
100 -23.60191 
100 6.711731 
100 12.71729 
100 20.17143 
100 13.65316 
100 -3.085409 
100 9.886122 
100 19.15496 
100 11.6185 
100 20.03437 
100 14.40924 
100 13.03767 
100 19.13623 
100 -4.667264 
100 6.036039 
100 6.409865 
100 -0.3292864 
100 15.36626 
100 16.21535 
100 19.20048 
100 -2.183336 
100 -21.64817 
100 -5.735985 
100 -15.25811 
100 -15.24731 
100 -17.69124 
100 5.350033 
-100 -5.605229 
-100 16.43743 
-100 2.158734 
-100 12.13288 
-100 11.54498 
-100 15.63155 
-100 17.87021 
-100 7.184215 
-100 -1.098846 
-100 13.44034 
-100 9.900867 
-100 4.705008 
-100 17.90955 
-100 4.446822 
-100 4.722075 
-100 6.974556 
-100 3.08294 
-100 1.24156 
-100 3.403015 
-100 -0.29888 
-100 3.185417 
-100 1.690832 
-100 -4.811006 
-100 -0.5060344 
-100 -7.636975 
-100 0.2703669 
-100 2.146615 
-100 -5.134406 
-100 -6.073993 
-100 4.304685 
-100 -21.88848 
-2.960626307998288186951185707585 -23.67613 
-100 -14.26356 
-100 -7.69406 
-100 -13.6641 
-100 -18.06579 
-100 -9.634564 
-100 -9.414013 
-100 -12.542 
-100 -9.764934 
-100 -18.61881 
-100 -12.47489 
-100 -4.310983 
-100 -5.125819 
-100 -3.287451 
-100 7.582211 
-100 -8.194698 
-100 -0.4685147 
-100 0.1295167 
-100 -17.92776 
-100 -7.768524 
-100 -1.215827 
-100 -3.007518 
