150 2
-5.605229e+00 +1
1.643743e+01 +1
2.158734e+00 +1
1.213288e+01 +1
1.154498e+01 +1
1.563155e+01 +1
1.787021e+01 +1
7.184215e+00 +1
-1.098846e+00 +1
1.344034e+01 +1
9.900867e+00 +1
4.705008e+00 +1
1.790955e+01 +1
4.446822e+00 +1
4.722075e+00 +1
6.974556e+00 +1
3.082940e+00 +1
1.241560e+00 +1
-5.838077e+01 +1
-6.155982e+01 +1
3.403015e+00 +1
-2.882280e+01 +1
-2.842671e+01 +1
-6.204288e+01 +1
-4.925950e+01 +1
-6.555759e+01 +1
-2.988800e-01 +1
3.185417e+00 +1
1.690832e+00 +1
-4.811006e+00 +1
-6.338522e+01 +1
-5.060344e-01 +1
-7.636975e+00 +1
2.703669e-01 +1
-5.737906e+01 +1
2.146615e+00 +1
-2.585158e+01 +1
-3.787379e+01 +1
-2.822183e+01 +1
-3.880250e+01 +1
-5.134406e+00 +1
-6.073993e+00 +1
-2.711449e+01 +1
4.304685e+00 +1
-2.188848e+01 +1
-2.367613e+01 +1
-4.901653e+01 +1
-2.484413e+01 +1
-1.426356e+01 +1
-7.694060e+00 +1
-1.366410e+01 +1
-1.806579e+01 +1
-9.634564e+00 +1
-9.414013e+00 +1
-1.254200e+01 +1
-2.830192e+01 +1
-9.764934e+00 +1
-1.861881e+01 +1
-1.247489e+01 +1
-5.219251e+01 +1
-2.372604e+01 +1
-4.310983e+00 +1
-5.125819e+00 +1
-3.287451e+00 +1
7.582211e+00 +1
-8.194698e+00 +1
-5.815092e+01 +1
-4.685147e-01 +1
1.295167e-01 +1
-1.792776e+01 +1
-7.768524e+00 +1
-4.794318e+01 +1
-3.068985e+01 +1
-1.215827e+00 +1
-3.007518e+00 +1
1.365398e+01 -1
1.093419e+01 -1
-2.109777e+01 -1
1.703141e+01 -1
1.369885e-01 -1
1.418733e+01 -1
-2.871147e+01 -1
-2.336233e+01 -1
3.572508e+01 -1
5.219199e+00 -1
3.733598e+01 -1
8.872163e+00 -1
8.385527e-02 -1
1.106339e+01 -1
-2.485067e+00 -1
1.788499e+01 -1
8.626902e+00 -1
1.932562e+01 -1
1.013140e+01 -1
7.974024e+00 -1
7.830684e+00 -1
1.274056e+01 -1
4.761368e+00 -1
1.450429e+01 -1
1.095315e+01 -1
3.502902e+01 -1
1.096120e+01 -1
2.562734e+01 -1
9.827326e+00 -1
-1.291447e+01 -1
2.264189e+01 -1
1.819816e+01 -1
-9.066865e+00 -1
2.511578e+01 -1
2.069381e+01 -1
-5.438790e+00 -1
-3.544060e+01 -1
1.871160e+01 -1
-1.216734e+01 -1
-2.799005e+01 -1
1.265585e+01 -1
8.913027e+00 -1
1.987834e+01 -1
2.184335e+01 -1
-1.111211e+01 -1
1.385255e+01 -1
-6.894339e-01 -1
2.602960e+01 -1
7.062138e+00 -1
-3.946325e+00 -1
-7.657992e+00 -1
-1.517380e+00 -1
1.735310e+00 -1
-6.214010e-01 -1
1.905942e+01 -1
-2.276836e+01 -1
-1.725502e+01 -1
1.837972e+01 -1
2.625186e+01 -1
2.342754e+01 -1
-4.922505e+01 -1
1.563566e+01 -1
-1.661974e+01 -1
-6.766769e+00 -1
-3.409235e+00 -1
4.160671e+00 -1
4.196676e+00 -1
-1.735375e+01 -1
1.195269e+01 -1
-2.977916e+01 -1
7.271488e+00 -1
2.254366e+00 -1
-1.650560e+01 -1
6.764385e+00 -1
1.610518e+01 -1
