150 46
7.237200e+01 -1.240800e+01 -2.268600e+01 1.582900e+01 3.349400e+00 4.003400e+00 -2.447600e+01 5.560000e+00 6.917000e+00 7.215700e+01 -1.145600e+01 -2.189100e+01 1.834700e+01 4.371100e+00 3.356700e+00 -2.654500e+01 6.859500e+00 4.436500e+00 6.827300e+01 -8.317300e+00 -1.061800e+01 1.683800e+01 5.782000e+00 1.364300e+01 -1.582300e+01 3.084700e+00 8.630800e+00 7.398900e+01 -1.237600e+01 -2.161600e+01 1.173100e+01 3.168200e+00 5.214100e+00 -1.730200e+01 -3.553300e+00 -6.762000e+00 7.175800e+01 -1.086300e+01 -2.115700e+01 1.903800e+01 4.534900e+00 4.665600e+00 -2.745600e+01 6.634600e+00 6.648100e+00 +1
6.387600e+01 1.615900e+00 -3.089900e+01 1.583200e+01 3.106200e+00 3.432700e+00 -2.302600e+01 4.511800e+00 2.918800e+00 6.425400e+01 1.754000e+00 -3.146900e+01 1.630000e+01 2.760600e+00 5.797000e+00 -2.420900e+01 3.738100e+00 9.446600e+00 6.860000e+01 1.841900e+00 -2.529300e+01 8.727300e+00 2.128800e+00 1.523800e+01 -9.501400e+00 1.103700e+00 1.868800e+01 6.547900e+01 1.389800e+00 -3.116900e+01 1.451700e+01 2.152000e+00 5.409500e+00 -2.247000e+01 3.291600e+00 9.387100e+00 6.657000e+01 1.578900e+00 -3.010800e+01 8.879400e+00 3.647500e+00 9.096700e+00 -1.436400e+01 5.828400e+00 8.162000e+00 +1
6.601500e+01 -1.136000e+01 -2.056500e+01 1.431100e+01 3.843000e+00 2.738700e+00 -2.246800e+01 6.293300e+00 4.026200e+00 6.506100e+01 -1.246300e+01 -1.697400e+01 1.837300e+01 2.995800e+00 5.811600e+00 -2.557600e+01 4.581300e+00 7.779400e+00 7.083300e+01 -1.076100e+01 -1.581000e+01 1.068800e+01 4.066700e+00 9.096300e+00 -1.202700e+01 3.434100e+00 1.107300e+01 6.936000e+01 -1.215800e+01 -1.870000e+01 9.700100e+00 1.704100e+00 3.806300e+00 -1.562300e+01 2.839500e+00 -4.946300e+00 6.573800e+01 -1.141300e+01 -1.700300e+01 1.938800e+01 3.827600e+00 4.549200e+00 -2.694900e+01 5.666200e+00 6.856500e+00 +1
7.007900e+01 -1.364000e+01 -1.527800e+01 1.527800e+01 3.661700e+00 2.253000e+00 -2.392100e+01 6.032000e+00 3.079600e+00 6.704200e+01 -1.381300e+01 -1.233600e+01 1.938600e+01 4.721500e+00 2.741500e+00 -2.545000e+01 4.501300e+00 3.362900e+00 7.454400e+01 -1.028000e+01 -8.191600e+00 1.255100e+01 3.443000e+00 9.454800e+00 -1.359100e+01 3.062900e+00 9.911500e+00 6.843300e+01 -1.437400e+01 -1.230300e+01 1.298000e+01 3.486600e+00 4.160000e+00 -1.630200e+01 -4.193600e+00 -3.795700e+00 4.946000e+01 -1.983100e+01 -1.041800e+01 1.568800e+01 7.999500e+00 4.247200e+00 -1.851100e+01 8.731100e+00 5.632300e+00 +1
5.890300e+01 -6.465700e+00 -4.638900e+00 1.962900e+01 3.345700e+00 3.940500e+00 -2.234900e+01 4.118000e+00 -2.319400e+00 7.172200e+01 -6.476500e+00 -8.954200e+00 2.043000e+01 3.916200e+00 6.733200e+00 -2.749200e+01 5.688800e+00 7.816300e+00 8.171900e+01 -8.375700e-01 6.862900e+00 6.334900e+00 2.839500e+00 7.887300e+00 -5.864100e+00 -3.032400e+00 -8.142700e+00 7.403600e+01 -7.141300e+00 -1.019200e+01 1.982900e+01 2.829800e+00 4.501000e+00 -2.695000e+01 4.300800e+00 5.818300e+00 8.015000e+01 -6.372400e+00 -1.053800e+01 1.287000e+01 2.044500e+00 7.403500e+00 -2.006000e+01 2.410300e+00 -1.338000e+00 +1
6.674700e+01 3.267600e-01 1.050600e+01 2.635500e+01 4.303400e+00 8.614000e+00 -2.584000e+01 1.365000e+00 8.232600e+00 7.407700e+01 -4.766100e-01 2.660800e+00 2.028600e+01 3.220000e+00 4.724600e+00 -2.924500e+01 3.494400e+00 -4.007500e+00 7.917800e+01 -8.157100e-01 8.632000e+00 1.144500e+01 3.957000e+00 7.215400e+00 -7.893800e+00 -3.023700e+00 8.345200e+00 7.694100e+01 1.404200e+00 8.076800e+00 1.990800e+01 3.264900e+00 6.410800e+00 -2.650200e+01 2.498100e+00 8.003300e+00 7.980000e+01 2.168000e+00 6.111500e+00 1.655600e+01 4.791400e+00 3.687700e+00 -2.383000e+01 7.139800e+00 5.189700e+00 +1
6.399300e+01 -8.033000e+00 -6.438500e-02 1.746200e+01 9.998100e+00 1.370400e+01 -2.372300e+01 5.331800e+00 1.097800e+01 5.882200e+01 1.131300e+00 1.092800e+01 1.835300e+01 9.234300e+00 1.377900e+01 -2.145200e+01 -7.655100e+00 3.379900e+00 6.803300e+01 1.486700e+00 1.501300e+01 1.299300e+01 6.386400e+00 1.214500e+01 1.157800e+01 -5.343600e+00 4.609400e+00 5.498500e+01 8.109000e-01 8.880200e+00 1.704700e+01 7.066000e+00 1.080900e+01 -1.838600e+01 -5.935700e+00 -4.940800e+00 5.466800e+01 1.475100e+00 1.571600e+01 1.199400e+01 4.953000e+00 6.347800e+00 -1.480100e+01 6.771400e+00 -6.447000e+00 +1
8.710000e+01 -8.369000e+00 -8.787400e+00 2.377300e+01 3.052800e+00 4.310300e+00 -3.421500e+01 4.657900e+00 -5.178400e+00 8.427600e+01 -7.008600e+00 -4.667300e+00 2.350900e+01 3.705200e+00 7.823500e+00 -3.238300e+01 4.840400e+00 4.926700e+00 8.797400e+01 -4.485500e+00 2.873800e+00 9.467100e+00 2.943500e+00 5.371900e+00 -5.815800e+00 -2.188700e+00 3.748700e+00 8.800400e+01 -7.262500e+00 -5.861600e+00 2.217400e+01 3.660600e+00 4.358600e+00 -3.197000e+01 5.986300e+00 5.375000e+00 8.395300e+01 -6.207100e+00 -4.951600e+00 1.534600e+01 2.485400e+00 8.691100e+00 -2.144400e+01 2.361300e+00 -4.837300e+00 +1
8.647700e+01 -2.532900e+00 3.953900e+00 2.549100e+01 4.689500e+00 4.310900e+00 -3.466000e+01 -7.105200e+00 3.144600e+00 6.122900e+01 5.037700e-01 1.022600e+01 1.978900e+01 3.521400e+00 5.464800e+00 -2.152900e+01 4.295800e+00 -5.553100e+00 7.995200e+01 9.828600e-01 1.108700e+01 1.055600e+01 2.445600e+00 5.787700e+00 -7.519100e+00 -2.021500e+00 -4.981400e+00 8.340500e+01 -1.546300e-01 5.955600e+00 2.368500e+01 2.606900e+00 6.596100e+00 -2.946900e+01 4.230700e+00 6.512200e+00 6.179300e+01 -1.903500e-01 1.017300e+01 1.373700e+01 4.468200e+00 9.266900e+00 -1.478900e+01 6.256000e+00 -1.087300e+01 +1
7.614100e+01 -5.426400e+00 -1.170100e+01 2.066200e+01 2.705300e+00 4.071200e+00 -2.977300e+01 4.151300e+00 -5.521500e+00 7.292400e+01 -4.889400e+00 1.680400e+00 1.973300e+01 4.031600e+00 1.446600e+01 -2.850400e+01 5.043800e+00 7.351200e+00 7.579400e+01 -2.088700e+00 5.875900e+00 9.082200e+00 5.491000e+00 1.361700e+01 -9.516000e+00 4.867800e+00 -8.890400e+00 7.349700e+01 -3.682900e+00 3.837400e+00 1.673900e+01 4.386600e+00 1.404000e+01 -2.538100e+01 4.642200e+00 -6.511400e+00 7.681700e+01 -3.655200e-01 1.151100e+01 1.509300e+01 4.980300e+00 5.767700e+00 -2.293400e+01 5.872700e+00 5.774600e+00 +1
7.558500e+01 -5.484300e+00 -1.232000e+01 2.039100e+01 2.796200e+00 4.074600e+00 -2.962500e+01 4.249200e+00 -5.693800e+00 7.216000e+01 -4.792500e+00 2.380900e+00 1.949100e+01 4.100700e+00 1.425700e+01 -2.816500e+01 5.160400e+00 3.814800e+00 7.505000e+01 -1.672400e+00 7.415000e+00 8.325500e+00 5.841600e+00 1.382800e+01 -7.616100e+00 5.233700e+00 -1.025500e+01 7.157900e+01 -2.384400e+00 4.951700e+00 1.727000e+01 5.476300e+00 1.383000e+01 -2.491100e+01 5.562100e+00 -6.907800e+00 7.621400e+01 -9.407800e-02 1.088500e+01 1.483900e+01 4.731400e+00 5.680100e+00 -2.250800e+01 6.184200e+00 6.073700e+00 +1
5.559900e+01 2.423800e+00 6.267000e+00 1.614600e+01 4.668500e+00 3.913700e+00 -2.190900e+01 4.489800e+00 -3.631100e+00 6.137700e+01 3.749400e+00 9.449700e+00 1.744400e+01 5.628300e+00 6.271900e+00 -2.319700e+01 -2.737300e+00 -6.701700e+00 6.901600e+01 3.851200e+00 1.195500e+01 6.991000e+00 3.456300e+00 5.046500e+00 2.296100e+00 1.791900e+00 3.567200e+00 6.153100e+01 6.891000e-01 9.349200e+00 1.610800e+01 6.282900e+00 8.095100e+00 -2.113100e+01 -3.449700e+00 -6.791900e+00 7.632800e+01 -9.587900e+00 -4.184900e+00 1.213900e+01 4.995600e+00 1.221000e+01 -1.731500e+01 4.969600e+00 1.064500e+01 +1
7.567000e+01 6.030400e-01 -1.056200e+01 2.145200e+01 2.307000e+00 4.653400e+00 -3.082800e+01 3.285000e+00 -6.816500e+00 6.951400e+01 -3.534500e+00 -2.583000e+00 2.317000e+01 3.688900e+00 1.141800e+01 -2.675200e+01 2.748300e+00 6.583900e+00 7.388200e+01 -4.665000e+00 -3.686500e+00 1.530300e+01 2.866600e+00 1.113400e+01 -1.348600e+01 -3.202800e+00 8.462900e+00 6.876000e+01 -4.604100e+00 -2.856600e+00 2.081300e+01 3.919400e+00 1.203800e+01 -2.373400e+01 6.852200e-01 7.324700e+00 5.808200e+01 -8.026800e+00 1.297300e+01 1.105900e+01 4.356100e+00 3.205100e+00 -1.611700e+01 -6.423600e+00 -1.069400e+00 +1
6.306600e+01 -2.658100e+00 1.824100e+00 1.850900e+01 3.480600e+00 3.255100e+00 -2.600400e+01 3.153400e+00 -2.486100e+00 6.676300e+01 -3.635700e+00 -3.621500e-01 1.854700e+01 3.927200e+00 4.804300e+00 -2.627500e+01 3.445000e+00 -2.708000e+00 7.243000e+01 -3.315000e+00 1.430600e-01 9.173800e+00 5.487300e+00 5.858300e+00 -8.863600e+00 -3.225800e+00 -1.725400e+00 6.413000e+01 -3.195600e+00 2.051600e+00 1.737200e+01 4.909300e+00 4.881500e+00 -2.353100e+01 -2.434000e+00 4.173000e+00 6.746000e+01 -5.240900e+00 -1.527200e+00 1.315400e+01 3.901200e+00 5.478000e+00 -1.900700e+01 -4.194000e+00 -4.098800e+00 +1
5.116300e+01 -1.074000e+01 -1.917200e-01 1.709200e+01 4.369000e+00 5.195100e+00 -1.679700e+01 4.242900e+00 -5.270000e+00 6.758300e+01 -9.129000e+00 -1.692400e+00 2.500900e+01 6.557200e+00 9.202500e+00 -2.503600e+01 3.679500e+00 -4.095700e+00 6.937700e+01 -8.205900e+00 5.526300e-01 1.745800e+01 5.009200e+00 5.532500e+00 1.372200e+01 -3.500800e+00 -5.188100e+00 5.315900e+01 -1.133800e+01 1.245400e+00 1.768500e+01 7.258000e+00 6.333800e+00 1.367500e+01 -7.410600e+00 5.445600e+00 6.722500e+01 -1.223100e+01 -6.362100e+00 2.542500e+01 7.880200e+00 9.713800e+00 -2.493300e+01 6.954800e+00 7.018500e+00 +1
6.304400e+01 -1.927200e+01 -1.293500e+01 2.038600e+01 9.608000e+00 1.090300e+01 -2.095500e+01 7.754100e+00 8.167100e+00 5.410400e+01 -1.092800e+01 4.391700e+00 1.713100e+01 6.620800e+00 6.451600e+00 -2.053500e+01 5.774700e+00 -6.936600e+00 7.182900e+01 -1.682700e+01 -6.404000e+00 1.250800e+01 1.287000e+01 1.306200e+01 -1.021300e+01 -8.144500e+00 -5.658600e+00 7.309900e+01 -2.382200e+01 -1.232600e+01 2.094000e+01 1.136600e+01 9.308100e+00 -2.442800e+01 1.180200e+01 6.877400e+00 7.117600e+01 -1.997700e+01 -9.297900e+00 1.660000e+01 1.014800e+01 1.223600e+01 -1.739400e+01 3.920500e+00 9.416700e+00 +1
6.399800e+01 -1.581500e+01 4.422000e+00 1.677000e+01 6.781500e+00 5.497900e+00 -2.112900e+01 7.240700e+00 -4.567900e+00 6.642800e+01 -1.858600e+01 -3.491800e+00 2.081100e+01 6.939000e+00 8.405200e+00 -2.320600e+01 7.202000e+00 -3.239500e+00 7.173700e+01 -1.471800e+01 -1.252700e+00 1.554300e+01 8.044700e+00 4.922500e+00 9.410000e+00 4.208100e+00 -4.016500e+00 7.214000e+01 -1.545400e+01 1.736400e-01 1.889800e+01 8.817200e+00 8.329100e+00 -1.277300e+01 -8.138300e+00 -4.817200e+00 7.486300e+01 -1.682100e+01 -6.881100e+00 2.389000e+01 9.205200e+00 8.656600e+00 -2.702300e+01 9.128200e+00 5.010400e+00 +1
3.209600e+01 -5.076500e+00 2.504600e+00 9.814100e+00 2.805500e+00 2.456500e+00 -1.269900e+01 2.019400e+00 3.455100e+00 4.614300e+01 -1.351800e+00 1.623100e+01 2.214900e+01 6.734900e+00 1.889200e+01 1.432200e+01 6.359200e+00 1.921400e+01 5.372700e+01 -2.612900e+00 1.649100e+01 1.918300e+01 5.407800e+00 1.552200e+01 1.571200e+01 3.985500e+00 1.570100e+01 5.717600e+01 2.495500e-01 2.342900e+01 2.113600e+01 6.780100e+00 1.850800e+01 -1.749800e+01 6.909500e+00 1.570300e+01 7.101600e+01 6.660200e+00 4.078200e+01 1.625900e+01 7.185700e+00 1.639700e+01 -1.564400e+01 1.020600e+01 1.625400e+01 +1
5.009600e+01 -1.526600e+01 5.584100e+00 17 6.121000e+00 9.285800e+00 -1.700300e+01 4.433200e+00 -7.317100e+00 5.973000e+01 -1.413200e+01 3.871900e+00 2.210000e+01 6.191200e+00 1.036300e+01 -1.954800e+01 7.471700e+00 5.307600e+00 63 -7.912700e+00 1.190000e+01 1.765100e+01 7.829000e+00 6.262700e+00 1.569300e+01 -2.526000e+00 7.073200e+00 5.506500e+01 -1.313700e+01 6.767100e+00 1.799300e+01 8.086300e+00 1.035000e+01 -1.537500e+01 7.663400e+00 -5.908800e+00 6.066100e+01 -3.268900e+00 1.905200e+01 1.819500e+01 1.050900e+01 1.072300e+01 -9.377700e+00 9.352100e+00 1.116000e+01 +1
6.122100e+01 -2.342600e+01 1.623600e+01 1.785900e+01 1.001100e+01 9.624800e+00 -1.873000e+01 -4.441400e+00 5.090400e+00 5.801900e+01 -2.359000e+01 1.745000e+01 1.617100e+01 9.023800e+00 7.763600e+00 -2.086100e+01 7.580300e+00 -3.069400e+00 6.868900e+01 -1.996800e+01 1.277300e+01 1.091100e+01 1.160300e+01 9.196900e+00 4.819300e+00 -9.022600e+00 7.734300e+00 5.433600e+01 -2.640100e+01 1.520700e+01 1.597400e+01 1.476000e+01 8.720300e+00 8.364100e+00 -1.101000e+01 8.984300e+00 5.822800e+01 -9.643600e+00 1.055800e+01 1.793800e+01 9.632600e+00 7.424900e+00 -2.182500e+01 -9.325100e+00 7.025500e+00 +1
4.246000e+01 -1.746700e+01 7.868400e+00 1.441900e+01 7.114200e+00 5.668200e+00 -1.469300e+01 4.858900e+00 3.388200e+00 5.519200e+01 -1.436200e+01 1.306100e+01 1.765500e+01 6.231000e+00 7.069100e+00 -2.038900e+01 4.446000e+00 -4.643600e+00 6.488400e+01 -1.041700e+01 1.205800e+01 1.649600e+01 6.112800e+00 9.074800e+00 1.041000e+01 -5.051100e+00 8.943500e+00 5.263300e+01 -8.133400e+00 8.384200e+00 1.845200e+01 8.607400e+00 9.515600e+00 -1.472400e+01 5.332400e+00 8.214600e+00 5.758900e+01 -6.500400e+00 1.922500e+01 1.643700e+01 1.427700e+01 1.084200e+01 -1.282900e+01 -2.830300e+00 6.738100e+00 +1
6.095400e+01 1.070100e+01 1.407500e+01 2.313900e+01 6.077900e+00 9.495900e+00 -2.142600e+01 5.831600e+00 1.039700e+01 5.949100e+01 4.510600e+00 1.307200e+01 2.202600e+01 6.815400e+00 8.122600e+00 -2.206400e+01 -5.343400e+00 4.692800e+00 7.266500e+01 8.030800e+00 1.698900e+01 1.534400e+01 4.978400e+00 9.977100e+00 -1.115700e+01 -2.201000e+00 8.951900e+00 6.610900e+01 8.469900e+00 1.572600e+01 1.936900e+01 4.750700e+00 7.636700e+00 -2.179200e+01 4.387100e+00 6.700200e+00 6.477600e+01 -1.291100e+00 1.569400e+01 1.600800e+01 6.923400e+00 5.299600e+00 -1.706400e+01 -7.808400e+00 6.398600e+00 +1
6.477800e+01 -2.067300e+00 5.008100e+00 1.985300e+01 4.264100e+00 4.358600e+00 -2.590200e+01 4.573200e+00 -3.706200e+00 6.449400e+01 -4.140600e+00 4.913700e+00 1.862600e+01 3.611700e+00 3.796700e+00 -2.507600e+01 4.474200e+00 -2.867000e+00 7.286500e+01 -1.215800e+00 9.216000e+00 8.376400e+00 4.517200e+00 6.451400e+00 -3.811400e+00 4.188900e+00 6.904000e+00 6.963400e+01 -3.204800e+00 5.461200e+00 1.656700e+01 3.612000e+00 3.907600e+00 -2.377000e+01 4.076600e+00 -2.611800e+00 6.899600e+01 -4.990400e+00 6.436000e+00 1.451300e+01 5.907400e+00 4.775300e+00 -2.032000e+01 -9.180400e+00 5.463100e+00 +1
7.545200e+01 1.111200e+00 1.303600e+01 1.790800e+01 4.345700e+00 5.234900e+00 -2.573000e+01 4.789200e+00 2.863300e+00 7.040200e+01 3.449100e-01 8.817500e+00 2.127000e+01 4.980500e+00 6.923500e+00 -2.821900e+01 5.460800e+00 6.829200e+00 7.257900e+01 5.138100e-01 1.222900e+01 1.023300e+01 4.058200e+00 6.231300e+00 -8.636500e+00 2.975000e+00 4.635800e+00 6.822700e+01 -9.064500e-01 9.951100e+00 1.733300e+01 6.175600e+00 5.549600e+00 -2.034600e+01 4.298800e+00 5.185400e+00 6.544300e+01 -2.776100e+00 6.575500e+00 2.078000e+01 3.889100e+00 6.154500e+00 -2.543800e+01 3.966200e+00 -5.817000e+00 +1
5.373400e+01 -1.579200e+01 2.330900e+01 1.689700e+01 1.120700e+01 1.208000e+01 -1.702100e+01 -8.309400e+00 -9.706300e+00 5.255500e+01 -1.165500e+01 1.924800e+01 1.861600e+01 8.634400e+00 1.018400e+01 -1.883900e+01 -8.137300e+00 -6.429000e+00 7.049800e+01 -6.220800e+00 2.076700e+01 8.695600e+00 3.540500e+00 7.274600e+00 -9.708000e+00 2.823000e+00 7.012300e+00 5.652400e+01 -1.523200e+01 2.574900e+01 1.070900e+01 8.540700e+00 9.224500e+00 -1.246600e+01 -1.145300e+01 -5.890900e+00 6.135000e+01 -8.521400e+00 1.720900e+01 1.829400e+01 4.828000e+00 8.355600e+00 -2.327400e+01 4.523400e+00 5.807800e+00 +1
6.055200e+01 -4.601700e+00 7.986000e+00 1.871900e+01 8.774100e+00 7.497200e+00 -2.235800e+01 7.420800e+00 5.090200e+00 5.968800e+01 -3.583600e+00 9.261800e+00 1.919300e+01 8.412000e+00 8.174400e+00 -2.149400e+01 5.321200e+00 7.870300e+00 6.704400e+01 -3.303600e-01 1.142500e+01 9.214200e+00 6.129800e+00 5.850200e+00 6.303100e+00 4.327100e+00 5.675800e+00 5.848300e+01 -1.204100e+01 2.246100e+00 1.401000e+01 5.422000e+00 4.578000e+00 -1.968900e+01 -3.867400e+00 -2.659500e+00 6.306900e+01 -1.005900e+01 4.319800e+00 1.316400e+01 7.284600e+00 5.918500e+00 -1.516900e+01 -1.059200e+01 5.967300e+00 +1
6.647400e+01 1.812000e+00 1.026800e+01 2.141500e+01 8.284400e+00 6.639000e+00 -2.455300e+01 6.091900e+00 -5.016200e+00 6.345500e+01 2.672000e+00 1.192900e+01 2.188700e+01 6.551300e+00 6.927700e+00 -2.314400e+01 2.145800e+00 6.378000e+00 6.397800e+01 -1.194900e+00 7.497400e+00 1.048700e+01 6.427700e+00 7.782500e+00 -6.844600e+00 -3.084900e+00 2.204200e+00 5.848900e+01 -1.037100e+01 -1.537100e+00 1.426200e+01 5.630100e+00 4.521400e+00 -1.989700e+01 -4.902800e+00 -4.425700e+00 5.966100e+01 -8.958900e+00 4.126400e+00 1.318500e+01 8.141800e+00 6.097100e+00 -1.437200e+01 -9.090300e+00 5.428500e+00 +1
6.617500e+01 -7.323400e+00 1.363400e+01 1.771400e+01 8.907300e+00 6.681800e+00 -2.337200e+01 -3.873600e+00 -5.202800e+00 5.986700e+01 -8.679700e+00 5.670700e+00 1.796200e+01 7.257700e+00 5.882600e+00 -2.230800e+01 3.919300e+00 4.954800e+00 6.963100e+01 -4.418000e+00 9.578000e+00 7.227900e+00 7.975500e+00 6.404800e+00 -3.975200e+00 5.765500e+00 6.068900e+00 6.440300e+01 -1.161600e+01 1.008500e+01 1.230400e+01 8.844900e+00 7.749900e+00 -1.654200e+01 -9.979000e+00 5.148200e+00 5.760600e+01 -1.011500e+01 6.091000e+00 1.686600e+01 5.606800e+00 6.372000e+00 -2.166300e+01 5.157800e+00 3.473400e+00 +1
7.028600e+01 6.186700e-01 1.177900e+01 2.145900e+01 6.332900e+00 4.220700e+00 -2.740400e+01 7.203200e+00 -4.129200e+00 6.778100e+01 6.403400e-01 1.187300e+01 1.914100e+01 5.801500e+00 4.291000e+00 -2.672900e+01 4.912600e+00 -5.833300e+00 7.528900e+01 -4.142700e+00 1.228100e+01 1.362900e+01 2.947900e+00 3.966600e+00 -9.490600e+00 3.325800e+00 1.893100e+00 6.533900e+01 -4.309100e+00 1.092200e+01 1.890100e+01 5.154300e+00 6.941700e+00 -2.271200e+01 5.871300e+00 6.260000e+00 7.164500e+01 -6.859600e+00 1.307100e+01 1.396900e+01 5.926800e+00 4.904700e+00 -1.994800e+01 -9.791500e+00 3.806000e+00 +1
6.559900e+01 -2.049300e+01 -1.617500e-01 1.809100e+01 5.708600e+00 4.532000e+00 -2.402600e+01 -4.789300e+00 5.781600e+00 6.196400e+01 -2.083800e+01 -1.383600e-01 1.726700e+01 6.143000e+00 3.814300e+00 -2.313400e+01 7.240500e+00 4.685200e+00 7.000800e+01 -1.670300e+01 2.699700e+00 5.777000e+00 6.692100e+00 1.046300e+01 -6.316500e+00 7.078700e+00 1.247900e+01 6.021100e+01 -2.133800e+01 -2.137000e-01 1.450400e+01 6.489200e+00 2.962700e+00 -2.101700e+01 9.423000e+00 3.095400e+00 6.256200e+01 -2.251400e+01 -1.049900e+00 9.421100e+00 6.182200e+00 4.492800e+00 -1.389400e+01 -8.845700e+00 6.598600e+00 +1
6.134700e+01 4.988200e+00 1.869500e+01 1.496200e+01 4.074800e+00 6.501700e+00 -2.152400e+01 3.754700e+00 -6.317200e+00 6.323000e+01 7.317800e+00 2.359600e+01 1.766200e+01 6.100100e+00 8.808400e+00 -2.393700e+01 6.848400e+00 -3.988500e+00 6.431900e+01 4.397700e+00 2.153100e+01 1.571700e+01 6.853100e+00 1.046500e+01 -1.373500e+01 -5.014200e+00 6.945500e+00 6.353800e+01 4.894400e+00 2.406400e+01 1.372000e+01 8.537500e+00 7.547500e+00 -1.686900e+01 8.657700e+00 3.168400e+00 6.236900e+01 6.163600e+00 2.123300e+01 1.703100e+01 7.766900e+00 6.631200e+00 -2.441100e+01 1.975700e+00 -8.544200e+00 +1
6.609400e+01 -6.569300e+00 1.850000e+01 1.837500e+01 4.580400e+00 4.481300e+00 -2.627100e+01 5.097100e+00 -6.694700e+00 6.494200e+01 -4.285600e+00 1.854200e+01 1.892900e+01 3.603400e+00 6.601800e+00 -2.601100e+01 3.593500e+00 -8.045200e+00 6.912600e+01 3.875100e+00 1.597800e+01 1.460800e+01 5.411900e+00 5.490100e+00 -1.419300e+01 -4.816100e+00 4.928100e+00 6.995300e+01 -2.543700e+00 1.977800e+01 1.580100e+01 5.313800e+00 5.429400e+00 -2.390400e+01 4.649700e+00 -6.285400e+00 6.698800e+01 -9.889200e-01 1.729300e+01 1.323200e+01 5.060600e+00 4.060500e+00 -1.849300e+01 -3.251500e+00 3.548200e+00 +1
4.113400e+01 -2.701200e+01 2.322400e+01 1.381700e+01 1.183200e+01 1.193800e+01 -1.185300e+01 8.027500e+00 -5.305000e+00 5.625700e+01 -1.926100e+01 8.574600e+00 1.890600e+01 9.582600e+00 1.068700e+01 -2.115400e+01 -5.842600e+00 1.100800e+01 6.290400e+01 -1.230300e+01 1.320000e+01 1.767900e+01 8.954300e+00 1.341100e+01 -1.339100e+01 3.367900e+00 1.081300e+01 5.531400e+01 -2.096900e+01 6.569400e+00 1.667900e+01 8.739400e+00 9.410300e+00 -1.893900e+01 9.040900e+00 1.003700e+01 6.248900e+01 -1.406700e+01 1.307300e+01 1.391900e+01 8.106900e+00 7.180600e+00 -1.621600e+01 -1.207100e+01 9.318900e+00 +1
5.783300e+01 -7.099400e+00 9.730200e+00 1.856200e+01 6.750100e+00 4.637600e+00 -2.068800e+01 6.297500e+00 -4.948600e+00 7.475200e+01 3.856100e+00 3.328500e+00 2.360500e+01 6.759200e+00 8.361300e+00 -2.885700e+01 -3.222700e+00 9.094000e+00 6.934900e+01 1.955400e+00 1.308600e+01 1.800200e+01 5.790000e+00 1.277100e+01 5.144000e+00 -2.919800e+00 7.701900e+00 8.203200e+01 6.841500e+00 9.652300e-01 1.997900e+01 5.956100e+00 4.456600e+00 -2.825400e+01 -5.498500e+00 5.040300e+00 8.332000e+01 7.692800e+00 1.776800e+00 1.595400e+01 7.981900e+00 6.061600e+00 -2.322100e+01 9.988200e+00 8.903300e+00 +1
7.259400e+01 -2.601300e+01 4.239600e+01 2.138000e+01 9.590600e+00 1.861300e+01 -2.623200e+01 6.563900e+00 8.392900e+00 5.483700e+01 -1.007500e+01 2.469700e+01 2.060600e+01 1.191000e+01 1.712000e+01 -1.891400e+01 -1.095000e+01 1.537200e+01 6.362700e+01 -8.721300e+00 2.526200e+01 1.669200e+01 1.041100e+01 1.537700e+01 1.035700e+01 -1.001000e+01 1.668900e+01 5.369400e+01 -1.356000e+01 2.730800e+01 1.895900e+01 1.131500e+01 1.709000e+01 -1.301200e+01 -8.118700e+00 1.510100e+01 6.187700e+01 -5.902600e+00 2.559000e+01 1.099600e+01 5.157300e+00 7.234600e+00 -1.579000e+01 -6.240800e+00 -5.368400e+00 +1
7.122300e+01 -5.855800e+00 1.899400e+01 2.546000e+01 5.511800e+00 9.583900e+00 -2.598900e+01 5.076200e+00 9.228000e+00 5.979800e+01 -8.864300e+00 2.113400e+01 2.399600e+01 5.653800e+00 1.206700e+01 -1.854000e+01 3.791200e+00 1.146200e+01 6.114100e+01 -6.144900e+00 1.906600e+01 2.085200e+01 5.977900e+00 8.067400e+00 1.440600e+01 -2.000300e+00 9.647100e+00 5.392000e+01 -1.061200e+01 2.148200e+01 2.161000e+01 5.978100e+00 1.175400e+01 7.201500e+00 4.657800e+00 1.004800e+01 4.107700e+01 -1.579600e+01 1.524900e+01 1.219800e+01 6.459600e+00 8.759700e+00 1.067300e+01 -8.679500e+00 1.003900e+01 +1
5.471600e+01 -7.059500e+00 1.470700e+01 1.980900e+01 1.001900e+01 7.079700e+00 -2.003300e+01 -7.512600e+00 4.361000e+00 5.024500e+01 -4.926600e+00 1.161500e+01 2.128200e+01 9.529100e+00 7.006000e+00 -1.517400e+01 -5.817200e+00 6.401700e+00 6.507300e+01 5.586100e-01 1.295200e+01 1.062300e+01 4.080100e+00 5.712900e+00 -8.655800e+00 -3.372500e+00 5.762400e+00 5.539400e+01 -2.225200e+00 1.316100e+01 1.485800e+01 3.845900e+00 7.308500e+00 -1.940900e+01 3.157200e+00 -6.271600e+00 6.442700e+01 4.992300e+00 1.572300e+01 1.504800e+01 6.413600e+00 6.061700e+00 -1.630700e+01 6.622400e+00 6.091100e+00 +1
4.400700e+01 -8.192800e+00 1.667100e+01 1.456100e+01 6.340100e+00 7.484100e+00 -1.445300e+01 -8.114300e+00 8.233700e+00 5.796100e+01 -1.331400e+01 2.324600e+01 2.218800e+01 1.261100e+01 1.344600e+01 -1.924700e+01 3.254900e+00 1.207500e+01 6.249800e+01 1.028100e+00 1.416500e+01 1.403300e+01 5.921500e+00 8.458300e+00 9.513400e+00 -3.859400e+00 1.079600e+01 5.004700e+01 -1.794600e+00 1.163200e+01 1.607000e+01 5.825700e+00 6.524200e+00 -1.434900e+01 5.344500e+00 -4.433900e+00 6.169500e+01 3.837300e+00 1.347900e+01 1.486500e+01 7.391200e+00 7.153000e+00 -1.716900e+01 4.367300e+00 7.406800e+00 +1
5.706300e+01 -1.247500e+01 1.814500e+01 1.696200e+01 5.468900e+00 6.627700e+00 -2.141500e+01 4.783800e+00 -5.492100e+00 5.672900e+01 -1.491000e+01 1.751200e+01 1.701100e+01 5.894100e+00 7.556700e+00 -2.122500e+01 6.595600e+00 -6.449400e+00 6.675200e+01 -1.275800e+01 1.361600e+01 1.216400e+01 6.047100e+00 6.042800e+00 1.096700e+01 4.200100e+00 3.622500e+00 6.231800e+01 -9.986000e+00 1.706800e+01 1.627000e+01 5.288500e+00 8.520100e+00 -2.034200e+01 -2.696700e+00 -4.963500e+00 6.179100e+01 -1.900700e+01 1.702800e+01 1.450300e+01 9.138700e+00 8.347800e+00 -9.481700e+00 -1.138300e+01 7.672800e+00 +1
5.208500e+01 3.560600e+00 3.487200e+00 1.685100e+01 3.650100e+00 3.343200e+00 -2.022900e+01 2.810300e+00 -3.563300e+00 5.003400e+01 5.407300e+00 1.322700e+00 1.725200e+01 3.738500e+00 2.802500e+00 -1.861500e+01 2.673200e+00 -2.917700e+00 7.183800e+01 4.577700e+00 7.043500e+00 1.592500e+01 2.453900e+00 3.689000e+00 -1.011900e+01 2.769500e+00 3.970700e+00 5.093300e+01 4.638100e+00 2.202600e+00 1.672700e+01 4.493200e+00 2.878200e+00 -1.634100e+01 -4.362000e+00 2.475900e+00 5.299400e+01 5.298600e+00 2.481100e+00 1.536200e+01 4.747200e+00 2.927500e+00 -1.477900e+01 5.816300e+00 3.909600e+00 +1
7.271600e+01 -4.249100e+00 -6.031600e+00 2.051400e+01 2.331300e+00 3.608700e+00 -2.951200e+01 3.205000e+00 -5.155500e+00 6.663600e+01 -3.576300e+00 1.967700e+00 2.181100e+01 4.975600e+00 9.342100e+00 -2.553400e+01 -1.554400e+00 6.006700e+00 7.001900e+01 -1.763900e+00 7.717800e+00 1.275700e+01 5.047800e+00 9.439000e+00 -3.866700e+00 -3.958900e+00 -6.707400e+00 5.754200e+01 -9.483400e+00 -4.844300e+00 1.578000e+01 5.412100e+00 5.400800e+00 -1.823000e+01 5.207100e+00 6.980600e+00 5.766100e+01 -2.364500e+00 6.374700e+00 1.239000e+01 8.780100e+00 8.810000e+00 -1.347600e+01 8.927300e+00 1.948100e+00 +1
5.608400e+01 -8.409100e+00 3.368200e+00 1.842600e+01 3.076600e+00 2.367700e+00 -1.953100e+01 1.868300e+00 2.542600e+00 5.135200e+01 -1.216900e+01 8.268400e+00 1.445000e+01 4.171700e+00 4.303900e+00 -2.017500e+01 4.078000e+00 -3.428300e+00 7.487900e+01 -5.923300e+00 8.064100e+00 1.162600e+01 4.451700e+00 5.129100e+00 9.922300e+00 -4.536600e+00 4.856500e+00 6.977300e+01 -8.945900e+00 1.063300e+01 2.195900e+01 7.797100e+00 9.172100e+00 -2.257700e+01 -7.529200e+00 9.130800e+00 6.054800e+01 -1.553100e+01 1.793000e+01 1.285300e+01 8.177300e+00 6.038500e+00 -1.284600e+01 -1.087100e+01 5.389400e+00 +1
4.740100e+01 -3.014400e+00 1.407800e+01 1.591100e+01 7.445800e+00 6.847700e+00 -1.776900e+01 6.304000e+00 5.969500e+00 3.893600e+01 -7.025500e+00 1.264800e+01 1.407100e+01 6.851400e+00 6.948200e+00 -1.202200e+01 4.119000e+00 6.848300e+00 6.502300e+01 1.178900e-01 1.633000e+01 1.613400e+01 6.550000e+00 5.373900e+00 -4.900800e+00 -4.597200e+00 6.288100e+00 6.110400e+01 3.307100e+00 1.203900e+01 1.544600e+01 4.724100e+00 4.615800e+00 -2.041300e+01 -3.993800e+00 3.606100e+00 5.411600e+01 1.894300e+00 1.406600e+01 1.613100e+01 8.770100e+00 5.950000e+00 -1.409800e+01 6.530200e+00 7.461800e+00 +1
5.018500e+01 -1.229300e+01 1.339300e+01 1.583100e+01 6.863200e+00 9.239500e+00 -1.866800e+01 -6.897600e+00 1.019100e+01 4.754400e+01 -1.804400e+01 1.863800e+01 1.565600e+01 8.829200e+00 1.161100e+01 -1.765400e+01 -5.387200e+00 8.345800e+00 6.721900e+01 -1.002700e+01 1.297400e+01 1.997000e+01 9.459100e+00 9.103200e+00 1.230300e+01 -1.058900e+01 1.003400e+01 6.122700e+01 -8.454100e+00 1.324000e+01 2.247300e+01 7.606400e+00 8.270900e+00 -1.541500e+01 -8.751700e+00 8.941300e+00 5.953400e+01 -1.122500e+01 2.091300e+01 1.271200e+01 1.157100e+01 7.966400e+00 -1.428600e+01 -1.107300e+01 6.216200e+00 +1
7.249300e+01 -3.896900e+00 1.606200e+01 2.016800e+01 5.984400e+00 4.479200e+00 -2.833500e+01 -6.004500e+00 -5.458400e+00 7.043400e+01 -2.624700e+00 1.960400e+01 2.128400e+01 5.331000e+00 6.991300e+00 -2.661500e+01 4.725200e+00 -4.364200e+00 6.590300e+01 8.906500e-01 2.163700e+01 1.397700e+01 4.099200e+00 6.434900e+00 8.917900e+00 -2.911300e+00 8.175000e+00 6.840200e+01 1.898000e+00 1.922800e+01 1.878800e+01 5.825600e+00 7.077600e+00 -2.271400e+01 -3.355600e+00 6.431000e+00 6.121700e+01 -1.305000e-01 2.157300e+01 1.513000e+01 7.652600e+00 7.209400e+00 -1.374200e+01 6.071800e+00 8.101900e+00 +1
6.006900e+01 -2.063100e+00 2.643400e+00 1.781700e+01 3.745200e+00 8.542500e+00 -2.424300e+01 4.005400e+00 8.160600e+00 5.750100e+01 -1.958800e+00 1.387800e+01 1.742500e+01 4.517100e+00 1.361800e+01 -2.192700e+01 3.888500e+00 1.064300e+01 6.584000e+01 2.963600e-02 1.474200e+01 9.662400e+00 4.356200e+00 1.150300e+01 -8.885000e+00 -3.624900e+00 9.839700e+00 6.020700e+01 -4.319500e+00 5.034800e+00 1.578200e+01 3.894600e+00 7.551800e+00 -2.160800e+01 -2.613500e+00 7.566500e+00 5.825000e+01 -1.673200e+00 1.945100e+01 1.206400e+01 7.393300e+00 1.205800e+01 -1.549500e+01 -6.741800e+00 1.146300e+01 +1
6.420300e+01 7.230700e+00 1.800800e+01 2.021700e+01 9.239700e+00 6.392100e+00 -2.402000e+01 -7.679000e+00 4.412600e+00 6.714200e+01 7.141000e+00 1.851700e+01 2.140700e+01 4.666200e+00 7.296900e+00 -2.650200e+01 -4.799200e+00 -5.525600e+00 7.238500e+01 6.769700e+00 1.994400e+01 1.338000e+01 5.577300e+00 6.970300e+00 -8.289200e+00 -3.786400e+00 7.722900e+00 6.175600e+01 -3.399800e-02 2.035100e+01 1.593200e+01 6.454500e+00 7.881300e+00 -2.038500e+01 -4.402000e+00 -4.172900e+00 6.861700e+01 5.332700e+00 2.569800e+01 1.116000e+01 6.606600e+00 4.138500e+00 -1.701500e+01 1.030100e+01 -3.720100e+00 +1
8.342200e+01 1.583000e+00 1.522900e+00 2.301200e+01 2.200200e+00 6.425000e+00 -3.054300e+01 -7.994800e-01 7.416100e+00 8.735500e+01 2.731300e+00 2.277900e+00 2.595200e+01 4.069400e+00 3.499400e+00 -3.589600e+01 5.918100e+00 3.928000e+00 7.897800e+01 2.084800e+00 1.163700e+01 1.382100e+01 3.224600e+00 7.820800e+00 -5.999700e+00 4.381000e+00 -5.066600e+00 7.183300e+01 3.276900e+00 1.860400e+01 1.469000e+01 6.067900e+00 9.362900e+00 -1.867400e+01 9.900800e+00 -8.611300e+00 8.532200e+01 1.846700e+00 4.510900e+00 2.574900e+01 3.375700e+00 7.546100e+00 -3.404800e+01 4.811000e+00 7.396800e+00 +1
5.540100e+01 1.755300e+00 1.902400e+01 1.516400e+01 3.140600e+00 8.355700e+00 -1.902700e+01 -2.828400e+00 -6.647900e+00 6.543100e+01 4.766100e+00 8.125000e+00 2.365100e+01 4.165000e+00 1.220800e+01 -2.458500e+01 5.563600e+00 6.953400e+00 6.613400e+01 3.688100e+00 1.301600e+01 1.370200e+01 2.623400e+00 7.245900e+00 1.034700e+01 1.396000e+00 5.497500e+00 6.480500e+01 4.636800e+00 1.353800e+01 1.553800e+01 6.075100e+00 1.352700e+01 -1.584400e+01 9.775500e+00 -8.915000e+00 7.284400e+01 3.168900e+00 -6.583000e+00 2.071400e+01 1.820400e+00 8.765300e+00 -2.895900e+01 1.799000e+00 7.830500e+00 +1
5.031100e+01 -7.876900e+00 1.357800e+01 1.440600e+01 5.162700e+00 4.176600e+00 -1.936200e+01 -4.688600e+00 -4.892200e+00 5.805100e+01 -5.031600e+00 1.073500e+01 1.742200e+01 2.910600e+00 4.491600e+00 -2.232200e+01 2.404500e+00 -5.297900e+00 7.291900e+01 -2.365300e+00 1.117200e+01 1.543200e+01 4.283600e+00 3.495200e+00 1.068800e+01 3.996200e+00 2.915400e+00 5.399900e+01 -1.266500e+01 1.617500e+01 1.632700e+01 4.316800e+00 5.230000e+00 -7.622000e+00 5.333400e+00 -6.416900e+00 8.531000e+01 -2.837400e+00 8.042400e+00 2.291800e+01 4.605100e+00 5.039000e+00 -2.674600e+01 -5.714000e+00 5.667300e+00 +1
5.279200e+01 -5.038800e+00 2.884200e+00 1.609900e+01 4.696300e+00 5.369600e+00 -2.106800e+01 3.503900e+00 4.903500e+00 5.728000e+01 1.260500e+00 8.900100e+00 1.790700e+01 3.809000e+00 5.981300e+00 -2.156300e+01 2.728600e+00 -4.771100e+00 6.199700e+01 1.040200e+00 1.124300e+01 9.681300e+00 3.879000e+00 6.415000e+00 -9.132700e+00 -4.226000e+00 -4.762700e+00 5.699100e+01 -2.625900e+00 2.870200e+00 1.583600e+01 4.477500e+00 5.879600e+00 -1.997800e+01 -4.282200e+00 5.844200e+00 5.885300e+01 5.472900e-01 8.599900e+00 1.750400e+01 6.421400e+00 5.690300e+00 -1.435500e+01 -5.316500e+00 4.724000e+00 +1
6.463700e+01 1.463000e-01 8.237200e+00 1.953100e+01 2.265300e+00 4.638300e+00 -1.907300e+01 2.992800e+00 -2.781700e+00 6.599600e+01 1.231600e-01 5.934700e+00 2.585900e+01 3.872800e+00 5.789800e+00 -2.214000e+01 5.671600e+00 2.781900e+00 7.331900e+01 9.762100e-01 7.844200e+00 1.548000e+01 2.271200e+00 4.841300e+00 1.052100e+01 2.230600e+00 5.185700e+00 7.113300e+01 1.918200e+00 9.236700e+00 1.976000e+01 4.053000e+00 4.650700e+00 -1.664300e+01 6.208700e+00 4.977600e+00 8.621400e+01 1.000600e+00 2.691000e+00 2.713200e+01 2.948000e+00 6.583700e+00 -3.568000e+01 3.825800e+00 5.476900e+00 +1
6.205400e+01 -5.359000e+00 -3.789100e+00 1.722600e+01 3.226900e+00 5.473500e+00 -2.487700e+01 3.591900e+00 4.277700e+00 5.995500e+01 -4.071700e+00 7.001700e+00 1.817800e+01 4.832900e+00 1.183400e+01 -2.234100e+01 4.504600e+00 9.873100e+00 7.342700e+01 -3.315500e-01 1.312800e+01 1.301800e+01 4.784800e+00 1.009100e+01 1.271800e+01 2.727400e+00 3.163900e+00 6.371400e+01 -2.117300e-01 1.545400e+01 1.657200e+01 3.910100e+00 8.266600e+00 -2.031600e+01 4.472000e+00 3.591900e+00 6.182100e+01 1.155100e+00 2.338000e+01 1.264200e+01 5.878600e+00 6.073700e+00 -1.435900e+01 8.087500e+00 5.187400e+00 +1
7.552700e+01 -5.999400e+00 1.185200e+01 2.259300e+01 5.157200e+00 1.835600e+01 -2.856800e+01 5.755000e+00 -4.115500e+00 7.691700e+01 4.623200e+00 1.577100e+01 1.427000e+01 7.132800e+00 6.172300e+00 -2.079000e+01 9.538700e+00 8.025800e+00 7.273100e+01 5.339000e-01 2.482900e+01 6.730500e+00 6.039300e+00 5.545200e+00 -6.195000e+00 -5.035700e+00 4.990600e+00 6.859700e+01 -2.442000e+00 1.350100e+01 1.991600e+01 6.062500e+00 1.418800e+01 -2.679900e+01 6.099500e+00 -8.700500e+00 6.467000e+01 -2.794200e-01 1.836800e+01 1.565000e+01 6.046400e+00 1.031500e+01 -2.174200e+01 3.833100e+00 -9.090000e+00 +1
7.201800e+01 -1.409400e+01 -1.817100e+01 1.819500e+01 4.854000e+00 3.294100e+00 -2.647700e+01 7.777000e+00 -1.881300e+00 6.995900e+01 -1.050800e+01 -3.936000e+00 1.963500e+01 5.548300e+00 1.665700e+01 -2.655800e+01 6.146700e+00 1.637900e+01 7.827700e+01 -5.859600e+00 7.029200e+00 1.266600e+01 4.901400e+00 1.450300e+01 -9.264500e+00 -3.909400e+00 -9.770400e+00 6.652800e+01 -7.323200e+00 7.597200e+00 1.726300e+01 6.123800e+00 1.940700e+01 -2.300500e+01 5.265400e+00 -6.778300e+00 6.143300e+01 -4.445400e+00 2.294500e+01 1.364700e+01 4.946700e+00 6.903500e+00 -1.375300e+01 -4.576500e+00 3.951900e+00 +1
6.696600e+01 2.784700e-01 1.786600e+01 1.851700e+01 4.512600e+00 4.490900e+00 -2.653900e+01 6.426400e+00 -6.556700e+00 7.363900e+01 -1.107400e+00 1.408900e+01 2.193500e+01 4.024600e+00 6.664400e+00 -2.780700e+01 5.781200e+00 -5.824000e+00 7.450400e+01 -2.088200e+00 1.287000e+01 1.355500e+01 3.187600e+00 6.256800e+00 7.679800e+00 1.825600e+00 7.275100e+00 6.876300e+01 -1.902000e+00 1.858000e+01 1.783200e+01 4.639700e+00 7.372300e+00 -2.359800e+01 3.516100e+00 3.779600e+00 6.968700e+01 -6.417700e+00 1.957600e+01 1.338400e+01 6.596900e+00 6.217500e+00 -1.705000e+01 -1.056600e+01 -3.229900e+00 +1
6.317800e+01 1.395200e-01 4.324800e+00 1.959400e+01 3.450000e+00 4.395800e+00 -2.531200e+01 4.088300e+00 -3.899400e+00 6.640700e+01 1.684300e-01 2.032700e+00 2.034900e+01 3.662900e+00 5.510400e+00 -2.557300e+01 3.831900e+00 -2.903600e+00 7.956200e+01 3.457900e+00 3.401700e+00 8.922400e+00 2.596700e+00 4.466800e+00 -7.937300e+00 -3.695100e-01 4.178000e+00 6.783000e+01 3.714800e-01 4.476700e+00 1.968900e+01 3.556500e+00 5.280300e+00 -2.275700e+01 3.020800e+00 4.127600e+00 7.345700e+01 1.832800e+00 3.139400e+00 1.778200e+01 4.712900e+00 4.525600e+00 -2.300300e+01 6.024300e+00 2.789100e+00 +1
4.893500e+01 -2.914100e+00 1.351700e+01 1.439100e+01 4.087000e+00 5.863600e+00 -1.963300e+01 -2.370300e+00 -4.679000e+00 5.562700e+01 -5.254300e-01 8.799700e+00 1.772600e+01 4.355700e+00 9.462800e+00 -2.051100e+01 5.105800e+00 5.404100e+00 7.325200e+01 5.583100e+00 1.327500e+01 1.311500e+01 5.617700e+00 5.216000e+00 -5.601900e+00 -2.930700e+00 -4.744200e+00 5.561000e+01 -1.671300e+00 8.934200e+00 1.571700e+01 4.376700e+00 9.120500e+00 -1.798400e+01 4.591100e+00 -4.179500e+00 5.761000e+01 -1.198600e+00 1.081600e+01 1.303600e+01 4.974200e+00 6.551900e+00 -1.674800e+01 -5.578600e+00 -3.096200e+00 +1
8.792600e+01 -5.141000e+00 -1.364200e+00 2.508100e+01 3.454600e+00 5.148300e+00 -3.574600e+01 -3.591800e+00 -7.312100e+00 7.408700e+01 -1.751300e+00 4.671500e+00 2.357900e+01 3.759400e+00 9.489900e+00 -2.846800e+01 3.853400e+00 -4.601000e+00 8.431600e+01 7.730800e-01 9.321000e+00 1.320800e+01 3.780800e+00 8.333300e+00 -7.227400e+00 1.962500e+00 3.204000e+00 7.600100e+01 -2.411500e+00 4.414900e+00 2.164000e+01 3.134000e+00 9.009200e+00 -2.560400e+01 3.284500e+00 -5.912000e+00 6.310500e+01 -5.104300e+00 1.620400e+01 1.169100e+01 6.173800e+00 3.542200e+00 -1.650600e+01 -8.926000e+00 3.586300e+00 +1
7.669700e+01 3.190800e+00 3.477900e+00 2.230900e+01 3.601800e+00 2.796300e+00 -3.144700e+01 5.820900e+00 -1.843200e+00 7.927200e+01 1.178100e+00 -8.910800e-02 2.287900e+01 1.381100e+00 2.290100e+00 -3.240900e+01 2.135500e+00 1.919600e+00 8.193600e+01 3.009500e+00 4.903900e+00 6.781700e+00 1.828600e+00 4.279800e+00 -7.652500e+00 1.122200e+00 2.424500e+00 8.209900e+01 1.308800e+00 -2.580100e-01 1.849600e+01 1.724300e+00 1.783400e+00 -2.914600e+01 3.182200e+00 -1.680900e+00 8.305300e+01 1.483400e+00 1.397800e+00 1.640900e+01 2.916100e+00 2.066000e+00 -2.697100e+01 5.326900e+00 3.419900e+00 +1
6.245400e+01 -6.761800e+00 1.876900e+01 1.965100e+01 6.479200e+00 8.342800e+00 -2.376800e+01 -3.639700e+00 -4.026900e+00 6.709400e+01 -2.857300e+00 1.837900e+01 2.074000e+01 5.705900e+00 8.148800e+00 -2.558500e+01 -5.982800e+00 -2.016300e+00 6.995500e+01 1.978100e-01 2.248300e+01 1.068100e+01 4.325200e+00 1.236900e+01 -3.337400e+00 -4.969100e+00 -5.388800e+00 6.976000e+01 -6.324300e+00 8.112600e+00 1.645200e+01 6.365900e+00 8.987000e+00 -2.366300e+01 5.427400e+00 -4.671900e+00 6.772800e+01 -3.587000e+00 1.828100e+01 1.234900e+01 7.223800e+00 1.293700e+01 -1.720700e+01 5.281900e+00 -9.319400e+00 +1
6.260400e+01 -1.268000e+01 2.129300e+01 1.942600e+01 1.825100e+01 1.244700e+01 -2.164100e+01 2.095500e+01 9.044000e+00 6.618600e+01 -1.014700e+01 2.257700e+01 2.008400e+01 1.491500e+01 1.461500e+01 -2.431900e+01 1.698000e+01 1.051200e+01 6.844800e+01 -7.333300e+00 1.918400e+01 1.350200e+01 1.197400e+01 1.048900e+01 4.932100e+00 9.416000e+00 1.155700e+01 5.992400e+01 -1.748200e+01 2.377700e+01 1.974100e+01 1.218500e+01 1.167400e+01 -1.969400e+01 1.109700e+01 1.009000e+01 5.817900e+01 -1.611800e+01 1.985400e+01 1.522700e+01 9.248100e+00 1.247900e+01 -1.330000e+01 -1.118800e+01 1.258100e+01 +1
7.044400e+01 -2.129200e+00 8.432400e+00 2.258200e+01 3.723900e+00 4.665200e+00 -2.755400e+01 -2.381000e+00 -2.312000e+00 6.782100e+01 -9.638900e-01 1.044100e+01 1.974100e+01 3.530400e+00 5.366600e+00 -2.598900e+01 2.830200e+00 -4.553700e+00 7.030800e+01 -4.182200e+00 1.443800e+01 1.080000e+01 1.460400e+00 4.550000e+00 -6.956600e+00 -1.163800e+00 2.890400e+00 6.662200e+01 -1.785600e+00 1.247600e+01 1.943000e+01 4.157600e+00 8.341400e+00 -2.139400e+01 4.040300e+00 7.458700e+00 6.777900e+01 -5.649500e+00 6.906600e+00 1.526800e+01 5.245900e+00 6.405400e+00 -1.766500e+01 -8.255300e+00 6.755200e+00 +1
7.008400e+01 4.475200e+00 1.530200e+01 2.310500e+01 4.796500e+00 8.049200e+00 -2.612300e+01 6.429500e+00 5.291200e+00 5.885000e+01 3.459100e+00 2.001600e+01 1.808000e+01 4.067500e+00 8.453700e+00 -2.198400e+01 2.958800e+00 7.925500e+00 7.013100e+01 2.483000e+00 1.784400e+01 1.735500e+01 3.196300e+00 9.016200e+00 1.122600e+01 2.351300e+00 9.699600e+00 7.164100e+01 1.981600e+00 1.151900e+01 2.179500e+01 3.952600e+00 7.902900e+00 -2.461100e+01 3.522700e+00 9.638500e+00 6.314500e+01 4.240600e+00 2.098300e+01 1.472300e+01 6.275900e+00 9.032000e+00 -1.566200e+01 9.125300e+00 1.083200e+01 +1
6.091100e+01 -2.537200e+00 6.963500e+00 1.841200e+01 1.816400e+00 3.083600e+00 -2.477700e+01 1.287400e+00 -4.270900e+00 6.078900e+01 -1.654100e+00 8.589800e+00 1.770800e+01 2.291500e+00 3.198000e+00 -2.404600e+01 3.034500e+00 -4.243000e+00 6.688900e+01 -1.173500e+00 7.593000e+00 1.143300e+01 2.334700e+00 3.390600e+00 -1.009700e+01 -1.623400e+00 4.469300e+00 5.969400e+01 -1.511100e+00 8.088900e+00 1.608400e+01 1.974200e+00 4.509000e+00 -2.166800e+01 -2.635100e+00 3.919800e+00 6.417800e+01 -2.284800e+00 1.464500e+01 1.481800e+01 3.499200e+00 6.907200e+00 -1.876000e+01 -3.848100e+00 5.950700e+00 +1
6.865200e+01 5.554100e+00 1.062900e+01 2.090100e+01 4.924600e+00 4.184300e+00 -2.710100e+01 4.880800e+00 -4.374100e+00 7.246500e+01 4.838300e+00 5.822600e+00 2.223000e+01 4.617700e+00 5.541900e+00 -2.897700e+01 -2.125200e+00 3.292600e+00 7.468600e+01 6.864600e+00 1.304200e+01 1.398000e+01 4.378000e+00 8.698200e+00 -1.094600e+01 -4.095300e+00 7.849000e+00 7.325100e+01 5.608200e+00 7.671100e+00 1.979900e+01 7.144900e+00 4.550700e+00 -2.467000e+01 3.206600e+00 -2.574300e+00 6.099700e+01 -1.216100e+00 7.591700e+00 1.681600e+01 6.429500e+00 6.553800e+00 -1.722300e+01 3.658100e+00 7.473500e+00 +1
6.551000e+01 -5.497700e+00 -3.920500e+00 2.053500e+01 4.170000e+00 1.391900e+01 -2.509100e+01 2.660100e+00 8.756300e+00 5.511100e+01 -6.707600e+00 7.496200e+00 2.224200e+01 5.067100e+00 1.389700e+01 -1.667900e+01 -2.976800e+00 -5.197000e+00 7.651700e+01 -8.506500e-01 6.689400e+00 1.080400e+01 5.450600e+00 1.701900e+01 -8.294300e+00 -3.236700e+00 8.070400e+00 6.569300e+01 -5.342100e+00 -3.327100e+00 1.759400e+01 2.954100e+00 9.476600e+00 -2.312500e+01 4.315400e+00 5.866300e+00 7.119200e+01 -7.254900e+00 1.112200e+00 1.739500e+01 6.610500e+00 1.401200e+01 -1.937900e+01 -5.673100e+00 1.349900e+01 +1
5.921700e+01 -1.212000e+01 -2.411400e+00 1.697300e+01 3.808800e+00 3.795400e+00 -2.309400e+01 -2.458700e+00 3.255400e+00 6.571200e+01 -7.876600e+00 -6.124000e+00 1.801300e+01 3.234100e+00 3.741300e+00 -2.553600e+01 4.187800e+00 2.554200e+00 6.573900e+01 -8.887300e+00 -4.415600e+00 1.394400e+01 3.642400e+00 4.796700e+00 -1.430900e+01 -3.748700e+00 4.732200e+00 6.622300e+01 -9.242000e+00 -6.674200e+00 1.700400e+01 3.844200e+00 3.471700e+00 -2.325600e+01 4.088600e+00 4.234400e+00 6.830400e+01 -1.022900e+01 -7.133800e+00 1.063500e+01 3.270500e+00 2.430300e+00 -1.716700e+01 -5.198300e+00 2.514800e+00 +1
4.742600e+01 -1.404800e+01 2.629300e+00 1.518500e+01 5.675800e+00 2.700600e+00 -1.698200e+01 -2.068300e+00 2.317600e+00 6.228100e+01 -7.694600e+00 6.461300e-01 1.812300e+01 3.184400e+00 1.116100e+00 -2.490500e+01 3.801600e+00 -8.781000e-01 7.142500e+01 -7.143900e+00 7.379100e-01 6.633700e+00 1.301600e+00 6.505100e-01 -9.057400e+00 -1.953700e+00 9.082400e-01 6.185700e+01 -9.085500e+00 9.690600e-01 1.580400e+01 3.151200e+00 1.248800e+00 -2.186400e+01 -1.923100e+00 -1.187700e+00 6.525600e+01 -9.487200e+00 2.382400e+00 1.105400e+01 6.523000e+00 3.972200e+00 -1.748200e+01 -1.081800e+01 6.662900e+00 +1
5.255500e+01 -1.221200e+01 -3.781400e+00 1.409400e+01 3.528600e+00 2.532900e+00 -2.027600e+01 3.995400e+00 -3.156100e+00 6.347500e+01 -7.581800e+00 -2.683000e+00 1.850900e+01 3.709700e+00 2.364000e+00 -2.440000e+01 3.718800e+00 -1.637000e+00 6.596500e+01 -8.513200e+00 -2.259500e+00 9.876600e+00 2.884600e+00 2.764800e+00 -1.209900e+01 -3.904400e+00 3.869100e+00 6.022700e+01 -1.055400e+01 -3.765300e+00 1.555200e+01 4.461900e+00 1.925600e+00 -2.098200e+01 1.311400e+00 2.243200e+00 6.480900e+01 -9.507600e+00 -1.942000e+00 1.057000e+01 5.026700e+00 2.504200e+00 -1.686200e+01 -8.392200e+00 4.360300e+00 +1
5.327700e+01 -1.185200e+01 -3.755500e+00 1.430500e+01 3.416000e+00 2.714600e+00 -2.059600e+01 4.846000e+00 -3.161500e+00 6.182000e+01 -7.791300e+00 -2.930800e+00 1.812600e+01 3.530000e+00 2.698500e+00 -2.404400e+01 3.998000e+00 -2.143300e+00 6.585300e+01 -8.434300e+00 -2.342600e+00 1.060400e+01 3.137800e+00 3.182200e+00 -1.218300e+01 -4.150400e+00 4.437400e+00 6.148300e+01 -9.810000e+00 -4.121800e+00 1.490400e+01 4.041800e+00 2.058300e+00 -2.093100e+01 2.912700e+00 -2.673000e+00 6.558900e+01 -9.286600e+00 -2.273100e+00 1.083700e+01 4.950300e+00 2.420500e+00 -1.731800e+01 -8.179100e+00 4.226900e+00 +1
7.118600e+01 3.184500e-01 1.777800e+01 1.599200e+01 6.172100e+00 5.259800e+00 -2.454500e+01 6.812500e+00 -4.401800e+00 6.930900e+01 5.758000e-01 1.840200e+01 1.965200e+01 6.409300e+00 6.559400e+00 -2.680500e+01 3.043800e+00 -5.206600e+00 7.086500e+01 1.070400e+01 2.276500e+01 1.090700e+01 9.428300e+00 5.862900e+00 -9.423100e+00 -5.418500e+00 4.361400e+00 7.438100e+01 1.112700e+00 1.811200e+01 1.328400e+01 6.197000e+00 5.566600e+00 -2.014800e+01 6.197200e+00 3.045800e+00 6.532900e+01 2.457400e+00 1.940700e+01 2.076400e+01 5.029900e+00 9.332700e+00 -2.608900e+01 -2.240400e+00 -8.472300e+00 +1
7.034800e+01 4.652100e+00 2.060700e+01 1.900300e+01 5.163400e+00 5.097300e+00 -2.734300e+01 6.964900e+00 -7.172000e+00 6.961500e+01 4.930300e+00 2.138300e+01 1.923100e+01 5.450400e+00 6.958600e+00 -2.694800e+01 4.267300e+00 -7.877300e+00 7.489900e+01 5.288300e+00 2.304900e+01 7.778500e+00 6.064000e+00 5.187400e+00 -8.700900e+00 5.883100e+00 5.428500e+00 6.967400e+01 3.332500e+00 2.151400e+01 1.841600e+01 5.039600e+00 7.979400e+00 -2.481200e+01 -4.029000e+00 -5.745600e+00 6.641900e+01 -1.541100e+00 2.163200e+01 1.355300e+01 7.455400e+00 6.920600e+00 -1.675100e+01 5.235500e+00 7.947900e+00 +1
6.582800e+01 -1.106000e+01 -1.076800e+01 1.782700e+01 3.135600e+00 3.069400e+00 -2.564800e+01 4.098800e+00 3.231900e+00 7.155100e+01 -8.233600e+00 -6.535200e+00 2.119400e+01 4.264900e+00 7.348200e+00 -2.688800e+01 4.332900e+00 7.561600e+00 7.685700e+01 -4.697400e+00 2.262200e+00 9.288000e+00 5.118300e+00 1.134100e+01 7.313000e+00 -2.482300e+00 2.961400e+00 7.024400e+01 -8.957200e+00 -5.021100e+00 1.952500e+01 5.065600e+00 9.387400e+00 -2.319200e+01 5.611400e+00 9.197900e+00 7.998200e+01 -5.045500e+00 1.017800e+00 1.688900e+01 5.860800e+00 1.043400e+01 -2.152600e+01 5.864400e+00 7.472800e+00 +1
7.166900e+01 6.284500e-01 5.265300e+00 2.268100e+01 3.606100e+00 5.106000e+00 -2.886100e+01 5.527800e+00 5.214500e+00 7.750900e+01 -1.860000e+00 3.509200e+00 2.236900e+01 2.557100e+00 3.763700e+00 -3.068800e+01 2.897000e+00 -1.725000e+00 7.613700e+01 3.972600e-01 9.706700e+00 9.697800e+00 2.512600e+00 6.378000e+00 -7.543800e+00 -1.486600e+00 -3.294700e+00 7.486600e+01 -6.412300e-01 5.008300e+00 1.928800e+01 2.573700e+00 4.707500e+00 -2.616800e+01 3.625900e+00 5.383800e+00 7.599700e+01 -3.041700e+00 4.577700e+00 1.836000e+01 4.846100e+00 6.512400e+00 -2.351200e+01 -7.297700e+00 3.684800e+00 +1
4.710100e+01 -8.806300e+00 -2.745100e+00 1.477100e+01 3.048900e+00 3.024500e+00 -1.715800e+01 3.543500e+00 -2.055700e+00 4.815200e+01 -9.133600e+00 -3.580600e+00 1.305400e+01 5.112300e+00 4.972800e+00 1.153900e+01 2.692100e+00 3.916000e+00 6.884900e+01 -6.760900e-01 5.765400e+00 1.248600e+01 4.692500e+00 4.358600e+00 6.876000e+00 3.852300e+00 -1.614400e+00 4.747700e+01 -9.034600e+00 -2.884300e+00 1.495000e+01 4.161800e+00 3.795600e+00 -1.817100e+01 5.127800e+00 -3.677900e+00 4.088900e+01 -6.556800e+00 -4.886700e+00 1.058300e+01 3.948200e+00 3.467200e+00 -1.378600e+01 1.974700e+00 3.599900e+00 -1
5.584000e+01 -1.355100e+01 8.137500e+00 1.670600e+01 5.874500e+00 4.352100e+00 -2.049100e+01 -3.798600e+00 -3.706600e+00 6.188200e+01 -3.284900e+00 8.309800e+00 2.167100e+01 9.526200e+00 4.643400e+00 -2.151200e+01 6.565300e+00 -5.826200e+00 7.121900e+01 1.258000e+00 6.275800e+00 1.370700e+01 5.963700e+00 3.273200e+00 -9.118900e+00 -5.894400e+00 -1.117100e+00 6.719800e+01 6.892100e-01 7.859100e+00 1.900800e+01 8.757800e+00 4.121500e+00 -2.133000e+01 -4.235400e+00 -3.690000e+00 7.034900e+01 6.655800e+00 9.678400e+00 1.915300e+01 8.591400e+00 7.113600e+00 -1.664200e+01 1.251200e+01 9.689600e+00 -1
7.267700e+01 3.301400e-01 1.475100e+00 2.245400e+01 4.118300e+00 3.226000e+00 -2.928400e+01 4.142900e+00 -2.155400e+00 7.244500e+01 8.245900e-01 6.532500e-01 2.199700e+01 5.078600e+00 4.322700e+00 -2.814200e+01 6.324400e+00 2.549700e+00 7.326800e+01 -1.976100e+00 -1.582500e+00 1.170200e+01 3.827800e+00 3.875000e+00 -7.996000e+00 3.919700e+00 3.853000e+00 7.536500e+01 4.212500e+00 5.459200e+00 2.218700e+01 4.265200e+00 3.538800e+00 -2.731800e+01 -4.693700e+00 -2.426500e+00 7.508800e+01 3.255400e+00 3.898500e+00 1.802300e+01 6.499200e+00 4.250600e+00 -2.202000e+01 9.231000e+00 6.508500e+00 -1
6.674000e+01 -2.514900e+00 8.718500e+00 2.240900e+01 7.141600e+00 6.098600e+00 -2.436300e+01 -5.181600e+00 2.717200e+00 6.454700e+01 -3.296500e+00 6.537200e+00 2.240100e+01 5.857900e+00 6.426100e+00 -2.142700e+01 -4.055300e+00 5.661300e+00 7.108700e+01 -3.538500e-01 3.914600e+00 1.219300e+01 2.949500e+00 3.249200e+00 1.171200e+01 -1.627200e+00 3.284900e+00 6.136100e+01 -1.284100e+00 5.104500e+00 1.963600e+01 4.105500e+00 5.390900e+00 -1.969900e+01 -4.161100e+00 5.198000e+00 7.443900e+01 2.339200e+00 5.389900e+00 2.024100e+01 6.432800e+00 6.160100e+00 -1.817400e+01 8.996400e+00 8.266500e+00 -1
7.186400e+01 -2.039700e+00 1.034300e+01 2.292000e+01 7.424600e+00 4.966400e+00 -2.659500e+01 -5.735900e+00 -5.058400e+00 6.463000e+01 -5.410700e+00 8.513700e+00 1.656700e+01 8.894400e+00 6.709700e+00 -1.596200e+01 -1.211700e+01 6.617800e+00 7.047300e+01 -1.250200e+00 6.002300e+00 1.502100e+01 4.503200e+00 4.319100e+00 1.248400e+01 -2.338900e+00 1.829000e+00 6.511100e+01 -3.121000e+00 6.350700e+00 2.403500e+01 6.883100e+00 7.256400e+00 -2.309900e+01 -4.234400e+00 3.288300e+00 5.345500e+01 -3.441700e+00 1.067100e+00 1.897400e+01 5.488100e+00 6.535400e+00 7.456400e+00 5.061600e+00 4.984900e+00 -1
6.007200e+01 -8.763300e+00 9.395800e+00 1.934900e+01 6.542100e+00 6.170200e+00 -2.186900e+01 -5.738400e+00 2.914400e+00 5.849800e+01 -2.911500e-01 5.303100e+00 1.944300e+01 5.511500e+00 4.551300e+00 -2.133200e+01 4.422000e+00 -2.953100e+00 7.229800e+01 3.289100e+00 6.934600e+00 1.413400e+01 5.502600e+00 4.049400e+00 4.896000e+00 -4.339400e+00 1.367900e+00 5.503500e+01 -1.855400e+00 3.574000e+00 1.730600e+01 5.379400e+00 4.281000e+00 -1.730700e+01 1.834700e+00 -2.972300e+00 7.130000e+01 6.069500e+00 8.224300e+00 1.901400e+01 8.250800e+00 6.258600e+00 -1.843400e+01 1.113400e+01 8.566000e+00 -1
5.849000e+01 -6.312100e+00 7.388300e+00 1.963400e+01 7.486100e+00 5.151600e+00 -2.010800e+01 -6.046300e+00 -4.355000e+00 6.591400e+01 1.324000e+00 6.378600e+00 2.175900e+01 6.471300e+00 4.314400e+00 -2.371800e+01 6.653200e+00 -3.899700e+00 7.340200e+01 2.203300e+00 7.446400e+00 1.730600e+01 3.876500e+00 3.557700e+00 -6.759100e+00 -1.922000e+00 1.464500e+00 7.500800e+01 2.868600e+00 8.193600e+00 2.238100e+01 4.180300e+00 3.779300e+00 -2.669700e+01 -3.973600e+00 -4.795900e+00 7.851800e+01 6.027700e+00 1.100100e+01 1.861900e+01 7.884500e+00 6.018700e+00 -2.093700e+01 1.161200e+01 8.401600e+00 -1
6.813600e+01 -8.457900e+00 4.009500e+00 2.111600e+01 6.701400e+00 5.048500e+00 -2.446700e+01 -7.904000e+00 4.354400e+00 5.943700e+01 -4.330900e+00 3.454500e+00 1.928900e+01 6.244400e+00 6.400400e+00 -2.106200e+01 1.372000e+00 4.954000e+00 6.977800e+01 1.220900e-01 1.919700e+00 1.567100e+01 3.005200e+00 2.906100e+00 1.386100e+01 1.627200e+00 2.265500e+00 6.339000e+01 -4.156500e-01 3.954300e+00 2.023700e+01 5.112800e+00 3.216700e+00 -2.069600e+01 -3.609600e+00 -2.800800e+00 6.758600e+01 2.656400e+00 4.496800e+00 1.951400e+01 7.656100e+00 6.546500e+00 -1.570600e+01 1.099700e+01 8.399500e+00 -1
5.919800e+01 -4.590400e+00 2.747400e+00 2.138600e+01 4.045500e+00 6.297100e+00 -2.040300e+01 -2.277100e+00 2.918900e+00 6.395800e+01 -1.191800e+00 2.796400e+00 2.042100e+01 4.926700e+00 4.350300e+00 -2.298700e+01 5.405500e+00 -2.331100e+00 7.254900e+01 -4.677800e+00 -2.523000e+00 9.868600e+00 3.084700e+00 4.679800e+00 4.508400e+00 2.652700e+00 4.313100e+00 6.058700e+01 -3.064400e+00 6.023100e-01 2.060400e+01 3.779700e+00 4.423200e+00 -1.887900e+01 -1.122300e+00 2.150500e+00 6.561100e+01 -3.754400e+00 8.589700e-02 1.568500e+01 4.744700e+00 3.423600e+00 -1.877100e+01 3.567700e+00 4.412300e+00 -1
6.883400e+01 -3.224700e+00 9.418900e+00 2.261900e+01 7.901500e+00 5.622600e+00 -2.545700e+01 -7.168400e+00 3.678800e+00 5.969100e+01 -2.819800e+00 3.456000e+00 1.879400e+01 5.170400e+00 5.097600e+00 -2.168700e+01 5.451900e+00 3.771500e+00 7.040200e+01 -2.416000e-01 4.255300e+00 1.420800e+01 3.373800e+00 3.902300e+00 1.254300e+01 -3.723000e+00 3.941700e+00 6.420500e+01 5.355700e-01 7.513400e+00 1.978800e+01 6.389900e+00 4.875000e+00 -2.138600e+01 -6.649400e+00 2.857600e+00 7.626300e+01 3.648800e+00 6.652900e+00 2.127800e+01 6.834500e+00 5.898500e+00 -2.111900e+01 1.050300e+01 8.467300e+00 -1
7.018500e+01 -2.362300e+00 5.585200e+00 2.322100e+01 6.408800e+00 4.409500e+00 -2.666000e+01 -6.019300e+00 1.433600e+00 7.110200e+01 1.827400e+00 5.893700e+00 2.273300e+01 5.524500e+00 4.824600e+00 -2.669400e+01 5.194900e+00 -4.523500e+00 7.135900e+01 1.745400e+00 5.876300e+00 1.602900e+01 3.087700e+00 3.495500e+00 1.292000e+01 2.313100e+00 2.468800e+00 5.896300e+01 -2.769300e+00 2.068000e+00 1.864900e+01 3.858300e+00 3.248900e+00 -1.928000e+01 3.168400e+00 -1.373500e+00 6.223700e+01 1.571000e-01 4.991400e+00 1.735000e+01 6.668500e+00 5.234500e+00 -1.314000e+01 7.351200e+00 6.295400e+00 -1
6.517300e+01 -6.602300e+00 5.835900e+00 2.040300e+01 6.399200e+00 3.906500e+00 -2.489100e+01 -4.776800e+00 -3.164700e+00 6.474700e+01 -1.676800e+00 4.180600e+00 2.063900e+01 4.689800e+00 3.053100e+00 -2.400300e+01 -3.096000e+00 -2.851900e+00 7.246200e+01 -4.014500e+00 6.086100e-01 1.056800e+01 5.154500e+00 5.651200e+00 -2.857300e+00 4.117900e+00 4.442400e+00 6.545800e+01 -1.996200e+00 2.572600e+00 1.649700e+01 4.550000e+00 4.471800e+00 -2.169500e+01 5.529400e+00 -2.165300e+00 6.865600e+01 2.345300e+00 5.140800e+00 1.575800e+01 6.084500e+00 4.594000e+00 -1.869100e+01 9.733300e+00 7.210300e+00 -1
7.564200e+01 1.132700e+01 1.059500e+01 2.194500e+01 7.067500e+00 4.948700e+00 -2.833800e+01 7.328300e+00 2.861500e+00 5.171500e+01 -1.098700e+00 3.085800e+00 1.826300e+01 7.915200e+00 6.041400e+00 -1.538300e+01 6.496600e+00 -3.322000e+00 7.568700e+01 4.843400e+00 8.033200e+00 1.647900e+01 5.445600e+00 6.573300e+00 -9.703600e+00 3.300300e+00 4.510800e+00 7.738600e+01 1.048200e+01 1.139500e+01 2.050700e+01 4.442800e+00 4.243700e+00 -2.739300e+01 -4.522800e+00 -6.688300e+00 6.269100e+01 -1.161100e+00 5.276400e+00 2.393600e+01 1.045100e+01 8.726200e+00 1.458400e+01 -7.730600e+00 9.519500e+00 -1
6.813000e+01 -5.401600e+00 5.995900e+00 2.054000e+01 6.876600e+00 4.515000e+00 -2.605200e+01 -6.003200e+00 6.173600e+00 6.422100e+01 -4.625800e+00 2.779900e+00 1.838400e+01 5.909500e+00 4.029500e+00 -2.387600e+01 5.968800e+00 -3.421500e+00 7.180000e+01 -7.287900e-01 1.056100e+00 1.306100e+01 4.346000e+00 4.851000e+00 1.204000e+01 3.408500e+00 3.215900e+00 6.456100e+01 -2.337400e-01 3.326100e+00 2.045700e+01 4.600000e+00 4.124800e+00 -2.122000e+01 -2.142300e+00 -1.883300e+00 6.857900e+01 1.551300e+00 1.338300e+00 1.586000e+01 6.474400e+00 5.257500e+00 -1.877200e+01 9.690800e+00 7.544100e+00 -1
5.942200e+01 -6.352700e+00 4.573300e+00 1.782200e+01 4.688800e+00 3.424600e+00 -2.226600e+01 3.937300e+00 -2.813200e+00 6.432400e+01 -2.529500e+00 4.638400e+00 1.610900e+01 7.648200e+00 3.717000e+00 -1.654600e+01 -7.975700e+00 5.320400e+00 6.740900e+01 -1.555100e+00 3.022900e+00 1.141100e+01 5.867000e+00 5.283300e+00 7.655400e+00 4.471100e+00 4.610100e+00 5.599200e+01 -3.614400e+00 -1.081700e+00 1.805800e+01 4.027400e+00 4.832400e+00 -2.182500e+01 4.149800e+00 -4.594000e+00 5.852600e+01 1.051400e+00 3.661700e+00 1.705400e+01 3.949900e+00 3.630900e+00 -1.940500e+01 2.709100e+00 -2.221300e+00 -1
4.377100e+01 -5.459800e+00 -5.141800e+00 1.437800e+01 3.700300e+00 4.813800e+00 -1.574100e+01 3.754800e+00 3.623700e+00 5.620400e+01 -1.075200e+00 2.594800e+00 1.964000e+01 5.973400e+00 7.598200e+00 -1.924300e+01 4.261700e+00 -4.183200e+00 6.577100e+01 -2.546300e+00 -6.506500e-01 1.576700e+01 4.125800e+00 4.752000e+00 1.527600e+01 2.138100e+00 2.502500e+00 5.902800e+01 -1.220500e+00 1.916100e+00 2.307900e+01 4.999500e+00 5.939500e+00 -1.336700e+01 2.725800e+00 -2.258400e+00 7.524300e+01 6.035500e+00 9.860300e+00 1.806800e+01 7.356900e+00 6.771600e+00 -1.854600e+01 1.029400e+01 7.210700e+00 -1
6.058600e+01 -6.654100e+00 -1.768900e+00 2.124800e+01 4.649400e+00 4.236900e+00 -2.256400e+01 2.033200e+00 -3.515800e+00 5.901600e+01 -8.337600e+00 4.788200e+00 2.048700e+01 6.229100e+00 8.010800e+00 -2.159300e+01 -4.501600e+00 6.829300e+00 6.741500e+01 -1.075900e+00 5.600400e+00 1.396200e+01 1.286600e+01 6.764300e+00 7.212800e+00 1.591900e+01 6.994500e+00 6.451200e+01 -9.791500e+00 6.848700e+00 1.902800e+01 7.221100e+00 8.580600e+00 -2.239200e+01 -5.004700e+00 7.057400e+00 7.126800e+01 -1.710600e+01 1.625300e+01 1.355200e+01 1.026200e+01 6.532400e+00 -1.586300e+01 -1.405800e+01 7.300700e+00 -1
6.142200e+01 -8.439400e+00 4.730700e-01 1.772100e+01 3.175900e+00 4.655100e+00 -2.454400e+01 1.604400e+00 3.687400e+00 6.393200e+01 -2.648700e+00 9.266800e+00 2.120200e+01 2.078700e+01 9.084700e+00 -2.449200e+01 2.548000e+01 7.703800e+00 6.853200e+01 -6.966400e+00 9.652100e+00 1.373800e+01 2.151300e+01 9.831100e+00 -9.418900e+00 2.768000e+01 3.025500e+00 6.700500e+01 -1.344800e+01 1.012700e+01 1.682600e+01 6.375300e+00 6.991300e+00 -2.222000e+01 -4.165800e+00 -1.776000e+00 6.541200e+01 -1.154300e+01 7.811200e+00 1.500900e+01 1.488900e+01 9.584000e+00 -1.181200e+01 -6.124700e+00 1.039600e+01 -1
6.784900e+01 -2.162900e+01 -1.964300e+01 1.763300e+01 6.692700e+00 3.616900e+00 -2.425300e+01 9.904600e+00 4.880400e+00 6.402500e+01 -2.020900e+01 -1.673500e+01 1.947300e+01 6.870400e+00 5.538000e+00 -2.505200e+01 9.246600e+00 6.938100e+00 6.688900e+01 -1.344500e+01 -1.310500e+01 1.554800e+01 1.570500e+01 1.151300e+01 -1.276500e+01 2.020000e+01 1.233800e+01 7.037700e+01 -2.169100e+01 -1.914600e+01 1.496900e+01 5.423200e+00 2.644300e+00 -2.345200e+01 8.786200e+00 4.540200e+00 7.127100e+01 -1.890400e+01 -1.604400e+01 1.075400e+01 7.556300e+00 9.578500e+00 -1.477700e+01 9.298700e+00 1.104500e+01 -1
6.618400e+01 -2.204600e+01 -1.841800e+01 1.646200e+01 5.727700e+00 2.274000e+00 -2.400400e+01 9.127300e+00 3.486800e+00 6.554300e+01 -2.186600e+01 -1.771500e+01 1.696500e+01 6.587500e+00 3.509600e+00 -2.448900e+01 9.859700e+00 5.402600e+00 6.900200e+01 -2.013400e+01 -1.635500e+01 8.211400e+00 9.520300e+00 5.823600e+00 -1.050600e+01 1.565800e+01 8.536400e+00 6.452500e+01 -2.019900e+01 -1.569100e+01 1.744100e+01 7.557500e+00 6.420700e+00 -2.369000e+01 1.008100e+01 8.207100e+00 7.080400e+01 -2.287000e+01 -1.891100e+01 8.067800e+00 2.591300e+00 2.952900e+00 -1.342100e+01 5.106200e+00 -3.378800e+00 -1
7.396200e+01 -6.400000e+00 7.987400e+00 2.216700e+01 8.210100e+00 6.706500e+00 -3.019600e+01 1.041000e+01 -3.794800e+00 6.460000e+01 -6.227500e+00 3.343000e+00 2.289700e+01 5.471400e+00 7.759300e+00 -2.463500e+01 1.521100e+00 2.323000e+00 6.810600e+01 -4.473100e+00 5.284100e+00 1.704100e+01 1.032200e+01 8.276100e+00 -5.816000e+00 1.236700e+01 6.711700e+00 6.880600e+01 1.215900e+01 1.085200e+01 1.659200e+01 2.268700e+01 6.229800e+00 -2.326700e+01 1.558300e+01 -4.608300e+00 6.284100e+01 -8.024600e+00 -2.142600e+00 1.586000e+01 1.202900e+01 9.633600e+00 -1.118200e+01 1.372800e+01 1.112000e+01 -1
6.978000e+01 -1.647700e+01 -9.348900e+00 2.040400e+01 6.021100e+00 3.438800e+00 -2.600800e+01 6.852300e+00 4.502300e+00 7.068900e+01 -1.161000e+01 -6.952100e+00 2.130300e+01 6.935800e+00 4.384500e+00 -2.619700e+01 5.808500e+00 3.540300e+00 8.093100e+01 -8.823200e+00 -4.810300e+00 1.693000e+01 7.350400e+00 4.105100e+00 -1.466300e+01 -4.823600e+00 -2.328900e+00 7.335900e+01 -1.409800e+01 -7.635100e+00 2.004300e+01 6.235200e+00 4.150200e+00 -2.606700e+01 5.020300e+00 5.321900e+00 6.087000e+01 -9.439400e+00 -3.987900e+00 1.636300e+01 5.990900e+00 4.259900e+00 -1.372400e+01 -6.370200e+00 -3.494600e+00 -1
6.984400e+01 -1.025000e+01 -6.729300e+00 2.295300e+01 6.779400e+00 2.774500e+00 -2.726700e+01 -2.193900e+00 2.924700e+00 7.086000e+01 -1.005000e+01 -6.823800e+00 1.967000e+01 4.684900e+00 2.530600e+00 -2.742000e+01 4.141300e+00 1.808900e+00 7.789200e+01 -8.261200e+00 -6.283500e+00 1.086400e+01 6.008400e+00 2.074700e+00 -6.861200e+00 -3.715000e+00 2.355700e+00 5.703200e+01 -1.509200e+01 -7.631800e+00 1.685700e+01 7.613000e+00 3.231200e+00 -1.817400e+01 7.768400e+00 4.181400e+00 6.171500e+01 -1.616900e+01 -8.607500e+00 1.430100e+01 5.903900e+00 2.680200e+00 -1.204600e+01 3.039600e+00 -3.282300e+00 -1
5.975600e+01 -2.108400e+01 -2.024000e+01 1.633200e+01 8.090900e+00 5.233300e+00 -2.096100e+01 1.023600e+01 7.458900e+00 5.875200e+01 -2.351300e+01 -2.165900e+01 1.468900e+01 6.349700e+00 3.983700e+00 -2.169500e+01 9.259300e+00 6.678900e+00 6.638400e+01 -1.934500e+01 -1.687100e+01 8.007400e+00 8.223700e+00 8.434800e+00 1.109800e+01 8.196900e+00 8.269300e+00 5.796400e+01 -1.934400e+01 -1.688000e+01 1.570300e+01 9.870800e+00 9.046200e+00 -2.067900e+01 1.097200e+01 9.867900e+00 6.208500e+01 -2.395400e+01 -2.221200e+01 7.177100e+00 4.535000e+00 4.184300e+00 -1.048200e+01 7.022700e+00 4.818400e+00 -1
8.329400e+01 -1.455500e+01 -1.280600e+01 2.211500e+01 3.974400e+00 2.636300e+00 -3.194600e+01 6.371200e+00 -2.552500e+00 7.639800e+01 -1.383800e+01 -1.350400e+01 2.182800e+01 5.309000e+00 5.188100e+00 -2.884000e+01 6.502300e+00 6.881600e+00 8.037600e+01 -1.309200e+01 -1.169900e+01 1.176100e+01 4.822600e+00 6.041400e+00 -1.211100e+01 5.310500e+00 6.538100e+00 7.498600e+01 -1.428300e+01 -1.332300e+01 2.138700e+01 4.750500e+00 5.830900e+00 -2.768700e+01 5.763100e+00 7.875100e+00 6.319700e+01 -2.036300e+01 -1.736300e+01 8.150000e+00 3.460800e+00 3.995500e+00 -1.224300e+01 4.776600e+00 3.445000e+00 -1
6.759900e+01 -2.252300e+01 -2.132700e+01 1.688800e+01 8.183300e+00 6.299000e+00 -2.365300e+01 1.136800e+01 8.610200e+00 6.884900e+01 -2.294500e+01 -2.117000e+01 1.732200e+01 6.892300e+00 4.252500e+00 -2.564900e+01 1.067600e+01 6.990100e+00 6.907100e+01 -1.746500e+01 -1.331900e+01 1.009500e+01 8.763700e+00 1.053000e+01 -8.189400e+00 7.044600e+00 7.650600e+00 6.909700e+01 -2.265600e+01 -1.964800e+01 1.738600e+01 7.110900e+00 7.332400e+00 -2.513100e+01 1.067600e+01 1.032300e+01 7.257500e+01 -2.298500e+01 -2.094700e+01 9.714400e+00 4.350600e+00 5.928600e+00 -1.415000e+01 6.176600e+00 6.967000e+00 -1
5.401900e+01 -2.020600e+01 5.849800e+00 1.483000e+01 5.399600e+00 3.950200e+00 -1.990600e+01 4.644300e+00 3.779500e+00 6.133900e+01 -1.479800e+01 7.407500e+00 1.777200e+01 6.580200e+00 4.840100e+00 -2.332200e+01 6.077100e+00 -5.090300e+00 6.991700e+01 -1.221300e+01 7.065900e+00 9.607100e+00 5.795200e+00 5.480600e+00 6.181900e+00 3.926900e+00 -4.247800e+00 5.962500e+01 -1.346300e+01 7.666300e+00 1.649000e+01 6.804200e+00 4.983700e+00 -2.115500e+01 7.179700e+00 -4.637500e+00 6.683500e+01 -1.399200e+01 9.397700e+00 1.220600e+01 6.672100e+00 4.105400e+00 -1.808400e+01 -8.854500e+00 4.360800e+00 -1
5.733100e+01 -1.248900e+01 7.070700e+00 1.651400e+01 4.506100e+00 4.164200e+00 -2.171600e+01 -5.214600e+00 1.907300e+00 6.287600e+01 -1.067800e+01 5.492600e+00 1.834400e+01 6.137800e+00 5.295700e+00 -2.348100e+01 4.424700e+00 -4.527300e+00 6.605600e+01 -8.094700e+00 3.403100e+00 1.374500e+01 4.677500e+00 4.171600e+00 1.332800e+01 -2.795500e+00 5.269200e+00 6.266000e+01 -1.127300e+01 5.958800e+00 1.847900e+01 5.108300e+00 5.025500e+00 -1.994900e+01 5.200500e+00 -3.491700e+00 7.556100e+01 -1.180300e+01 9.167200e+00 1.480500e+01 9.655700e+00 6.744800e+00 -1.942400e+01 -1.276500e+01 7.836200e+00 -1
5.615600e+01 -1.174800e+01 5.604700e+00 1.603100e+01 5.828500e+00 3.389800e+00 -2.114200e+01 5.613900e+00 -3.510900e+00 5.801200e+01 -7.462100e+00 4.647500e+00 1.124800e+01 7.599900e+00 4.430300e+00 -1.568500e+01 -1.062200e+01 5.999800e+00 6.601300e+01 -7.037200e+00 2.150800e+00 1.144800e+01 4.906400e+00 5.318200e+00 8.451300e+00 -5.219300e+00 4.669000e+00 5.389800e+01 -1.333100e+01 5.683700e+00 1.579100e+01 6.718600e+00 4.524700e+00 -2.077800e+01 -2.888900e+00 -4.225500e+00 5.267400e+01 -6.804400e+00 1.241500e+00 1.506500e+01 4.406800e+00 3.649200e+00 -1.794400e+01 1.835900e+00 -2.497800e+00 -1
5.224000e+01 -1.576600e+01 4.347200e+00 1.464200e+01 5.782800e+00 4.182800e+00 -1.993500e+01 -3.350200e+00 3.315500e+00 5.451900e+01 -1.338100e+01 2.974800e+00 1.867400e+01 8.653600e+00 6.388600e+00 -1.980300e+01 6.862300e+00 -6.127000e+00 6.889700e+01 -1.433200e+01 5.840300e+00 1.129100e+01 7.205800e+00 5.662700e+00 1.046500e+01 4.195000e+00 -4.030000e+00 4.970900e+01 -12 1.310100e-02 1.342600e+01 7.038400e+00 5.714900e+00 -1.588800e+01 4.156200e+00 -3.042300e+00 5.681200e+01 -1.625300e+01 3.395600e+00 1.165300e+01 8.306800e+00 6.717100e+00 -1.347900e+01 -1.096800e+01 8.372500e+00 -1
7.255800e+01 -2.250200e+01 -2.278300e+01 1.742100e+01 7.350000e+00 3.072400e+00 -2.549600e+01 1.157800e+01 2.839600e+00 7.315100e+01 -2.122000e+01 -2.005100e+01 1.851500e+01 6.646300e+00 3.814000e+00 -2.743600e+01 1.015900e+01 5.979900e+00 7.171500e+01 -1.872700e+01 -1.511700e+01 1.266800e+01 6.249900e+00 8.662100e+00 -1.196800e+01 6.557600e+00 8.362800e+00 7.041900e+01 -1.963500e+01 -1.666300e+01 1.890100e+01 7.409300e+00 7.537700e+00 -2.560600e+01 1.017000e+01 9.323100e+00 7.574900e+01 -2.017500e+01 -1.802300e+01 1.213500e+01 3.061900e+00 3.926500e+00 -1.808800e+01 4.186100e+00 5.140000e+00 -1
5.399100e+01 -2.098100e+01 8.682300e+00 1.554400e+01 6.728700e+00 4.496200e+00 -1.935700e+01 6.611300e+00 -3.848900e+00 5.195600e+01 -1.553600e+01 5.233100e+00 1.465400e+01 7.890500e+00 4.635700e+00 -1.950800e+01 6.546700e+00 -5.018500e+00 6.584400e+01 -1.040500e+01 4.877000e+00 1.315500e+01 8.478300e+00 5.929500e+00 1.181100e+01 -6.096200e+00 2.510700e+00 5.095300e+01 -1.383400e+01 4.973800e+00 1.354100e+01 7.482600e+00 4.028700e+00 -1.746000e+01 6.014800e+00 -4.280600e+00 5.473600e+01 -1.174200e+01 3.534900e+00 1.159200e+01 8.764700e+00 7.227900e+00 -1.281700e+01 -1.222500e+01 7.772900e+00 -1
5.349200e+01 -6.284000e+00 -4.095700e+00 1.844900e+01 3.613000e+00 4.869300e+00 -2.026800e+01 3.518200e+00 7.139400e-01 5.362100e+01 -5.606700e+00 -3.418400e+00 1.599700e+01 2.884800e+00 2.777900e+00 -2.030100e+01 3.490600e+00 -3.181800e+00 6.575600e+01 -4.204600e+00 -1.642100e+00 1.226200e+01 3.175600e+00 4.186100e+00 1.216500e+01 3.062200e+00 5.888100e+00 5.244900e+01 -5.849000e+00 -3.283900e+00 1.562100e+01 3.597200e+00 3.902800e+00 -1.757800e+01 3.838700e+00 2.534600e+00 6.335200e+01 -8.145300e+00 1.927400e+00 1.336500e+01 7.195400e+00 5.253000e+00 -1.735900e+01 -1.044300e+01 6.064700e+00 -1
5.624100e+01 -1.546600e+01 5.157600e+00 1.736400e+01 5.478000e+00 4.314200e+00 -2.001700e+01 -3.378600e+00 2.926000e+00 6.039200e+01 -1.406700e+01 6.756400e+00 1.758100e+01 5.510200e+00 5.024700e+00 -2.317300e+01 6.851300e+00 -5.308800e+00 7.163000e+01 -1.019300e+01 5.919800e+00 1.018200e+01 4.948800e+00 5.848700e+00 7.478900e+00 1.980400e+00 2.977900e+00 5.950400e+01 -1.117300e+01 6.002300e+00 1.581900e+01 5.807100e+00 4.210700e+00 -2.135200e+01 5.049500e+00 -4.983500e+00 6.347000e+01 -1.537700e+01 8.370600e+00 1.149000e+01 8.905400e+00 6.452800e+00 -1.484000e+01 -1.309300e+01 8.249600e+00 -1
6.650900e+01 -2.198600e+01 -1.740500e+01 1.625200e+01 6.362400e+00 3.450000e+00 -2.365100e+01 9.795500e+00 4.813300e+00 6.723400e+01 -2.162000e+01 -1.614800e+01 1.698300e+01 5.780200e+00 3.667000e+00 -2.516600e+01 8.876400e+00 5.957400e+00 7.301800e+01 -2.014900e+01 -1.393200e+01 4.661200e+00 6.779400e+00 6.952900e+00 -4.154200e+00 8.815600e+00 9.061700e+00 6.578300e+01 -2.062300e+01 -1.445200e+01 1.718300e+01 6.176500e+00 5.562100e+00 -2.421200e+01 8.581100e+00 7.621300e+00 7.170400e+01 -2.201200e+01 -1.612500e+01 8.716100e+00 2.518400e+00 2.899800e+00 -1.438900e+01 5.187100e+00 -3.524300e+00 -1
5.716500e+01 -2.269400e+01 1.252700e+01 1.541400e+01 5.812100e+00 4.263200e+00 -2.059200e+01 -4.629000e+00 -7.219800e-01 5.574600e+01 -1.479600e+01 5.804200e+00 1.659800e+01 7.127600e+00 4.954300e+00 -2.067900e+01 6.153500e+00 -4.662000e+00 6.963100e+01 -1.008500e+01 5.741900e+00 1.322000e+01 7.754800e+00 5.929600e+00 1.044600e+01 -6.025100e+00 5.153700e+00 5.844300e+01 -1.396000e+01 6.162700e+00 1.682700e+01 8.603700e+00 4.908700e+00 -1.955300e+01 5.852200e+00 -3.791800e+00 6.462100e+01 -1.155700e+01 6.391400e+00 1.247800e+01 7.664300e+00 4.582500e+00 -1.726800e+01 -1.080300e+01 6.769900e+00 -1
5.992500e+01 -1.540000e+01 -5.331100e+00 1.616700e+01 4.167100e+00 1.692200e+00 -2.303300e+01 5.841300e+00 1.551000e+00 6.215500e+01 -1.317400e+01 -4.777800e+00 1.732300e+01 4.650700e+00 2.940000e+00 -2.379000e+01 6.139500e+00 -2.000300e+00 6.743400e+01 -1.429100e+01 -4.480300e+00 5.889900e+00 3.449300e+00 1.920600e+00 -6.548800e+00 3.430600e+00 2.345200e+00 6.015600e+01 -1.346000e+01 -4.302700e+00 1.590800e+01 5.593400e+00 2.531900e+00 -2.182900e+01 7.391400e+00 3.257300e+00 7.453800e+01 -1.252100e+01 -6.131500e+00 1.259000e+01 4.664400e+00 2.827900e+00 -1.812700e+01 -3.987000e+00 -4.806800e+00 -1
5.591800e+01 -1.695400e+01 -1.022100e+01 2.113900e+01 1.459700e+01 6.704400e+00 -1.544100e+01 7.331500e+00 5.106600e+00 4.722600e+01 -2.722100e+01 -1.352400e+01 1.622900e+01 1.323100e+01 6.159100e+00 -1.013400e+01 1.405700e+01 7.187200e+00 7.496300e+01 -9.180800e+00 -5.884400e+00 2.045200e+01 1.237200e+01 5.729500e+00 6.041300e+00 -1.168900e+01 -4.721300e+00 5.578000e+01 -1.877400e+01 -1.029700e+01 2.222100e+01 1.247600e+01 5.999500e+00 1.740100e+01 9.794600e+00 5.381300e+00 4.862100e+01 -2.571300e+01 -1.338100e+01 9.115200e+00 8.819500e+00 4.272800e+00 1.179500e+01 9.988600e+00 4.971800e+00 -1
5.464400e+01 -1.598600e+01 -7.899500e+00 1.553700e+01 4.425700e+00 2.475200e+00 -2.022400e+01 5.345700e+00 3.055200e+00 5.993300e+01 -1.609600e+01 -7.611600e+00 1.640900e+01 4.948400e+00 2.473700e+00 -2.240100e+01 6.795900e+00 2.843400e+00 7.008000e+01 -1.229100e+01 -6.042300e+00 1.234600e+01 5.685300e+00 2.402300e+00 1.302400e+01 5.453700e+00 2.507900e+00 5.748700e+01 -1.443200e+01 -6.689900e+00 1.656800e+01 6.125000e+00 3.454200e+00 -1.930500e+01 7.081100e+00 4.288000e+00 7.487300e+01 -1.343500e+01 -6.158100e+00 1.670000e+01 6.644000e+00 3.170500e+00 -1.505600e+01 3.852500e+00 -2.781400e+00 -1
5.284500e+01 -3.017700e+01 -1.968000e+01 1.308600e+01 8.534200e+00 2.404400e+00 -1.895300e+01 1.216300e+01 4.189400e+00 5.999000e+01 -1.757800e+01 -1.088300e+01 1.887800e+01 1.605700e+01 9.764000e+00 -1.987400e+01 8.906400e+00 7.161500e+00 6.826500e+01 -1.554000e+01 -1.045300e+01 1.476600e+01 1.485300e+01 8.878400e+00 1.463000e+01 8.216800e+00 6.362900e+00 5.252600e+01 -2.674000e+01 -1.522200e+01 1.431200e+01 1.332900e+01 8.650900e+00 -1.816700e+01 1.507200e+01 1.015500e+01 7.392400e+01 1.300100e+00 2.598200e+00 1.726700e+01 9.438000e+00 6.893200e+00 -2.172600e+01 -4.626000e+00 4.317400e+00 -1
6.842500e+01 -2.756800e+00 2.115700e+00 2.309900e+01 5.067500e+00 3.839400e+00 -2.576000e+01 5.097700e+00 9.024700e-01 5.259800e+01 -5.686800e+00 -3.946300e+00 2.109600e+01 3.925900e+00 4.237300e+00 -1.364000e+01 4.061000e+00 2.744800e+00 7.254300e+01 -3.239700e+00 -5.953000e-01 1.407500e+01 3.371400e+00 3.908700e+00 4.020300e+00 2.904500e+00 2.792700e+00 6.394500e+01 -2.848700e+00 -3.989300e-01 2.483900e+01 3.491100e+00 4.144400e+00 -2.015700e+01 -1.482500e+00 -2.957800e+00 5.376700e+01 -4.966400e+00 -2.233400e+00 1.646600e+01 5.152900e+00 4.211000e+00 -9.187900e+00 5.471100e+00 2.916000e+00 -1
5.353200e+01 -1.353300e+01 -9.174200e+00 1.740400e+01 1.090200e+01 9.545200e+00 -1.969600e+01 -6.444700e+00 2.199700e+00 6.510000e+01 -2.560500e+00 2.460800e-01 1.954600e+01 4.171400e+00 3.646800e+00 -2.472400e+01 5.216200e+00 -1.399800e+00 7.035300e+01 -2.672300e+00 -1.877200e-01 9.919800e+00 3.828700e+00 3.451800e+00 -5.215800e+00 3.671600e+00 2.279000e+00 5.618000e+01 -7.334800e+00 -2.914200e+00 1.859700e+01 9.745000e+00 8.416700e+00 -1.769100e+01 -1.065000e+01 -8.585300e+00 6.686800e+01 -2.177900e+00 3.482200e+00 1.402100e+01 5.649900e+00 3.817200e+00 -1.965700e+01 -1.738600e+00 4.613300e+00 -1
6.249000e+01 -1.354600e+01 -7.293100e+00 1.676800e+01 3.643400e+00 1.935500e+00 -2.380200e+01 5.081900e+00 -1.373000e+00 6.177600e+01 -1.314600e+01 -6.686000e+00 1.646000e+01 3.389400e+00 2.694500e+00 -2.354300e+01 4.868100e+00 3.213300e+00 6.815100e+01 -1.256100e+01 -6.439500e+00 7.197300e+00 3.654100e+00 1.504700e+00 9.473000e+00 4.510300e+00 1.878200e+00 5.986800e+01 -1.202100e+01 -5.816300e+00 1.579300e+01 4.575500e+00 2.951900e+00 -2.184700e+01 6.113300e+00 3.935600e+00 6.316900e+01 -1.374800e+01 -6.843500e+00 1.019700e+01 2.664100e+00 1.607400e+00 -1.590600e+01 -3.054200e+00 -1.863000e+00 -1
6.595500e+01 -1.755400e+01 1.236300e+01 1.963700e+01 7.434700e+00 7.055900e+00 -2.383300e+01 6.640600e+00 -9.047400e+00 7.517000e+01 -6.653500e+00 4.774600e+00 2.408800e+01 8.513300e+00 7.214300e+00 -2.823000e+01 -6.441500e+00 4.511700e+00 7.188500e+01 -1.281600e+01 8.407800e+00 1.281100e+01 8.048500e+00 7.601400e+00 1.283400e+01 7.140300e+00 -6.526900e+00 6.052100e+01 -1.644800e+01 1.239600e+01 1.665300e+01 6.503000e+00 5.565200e+00 -2.156800e+01 8.035900e+00 -6.933200e+00 7.306600e+01 -5.435100e+00 4.653200e+00 2.051800e+01 9.903100e+00 6.427200e+00 -1.886800e+01 -7.161000e+00 -3.122000e+00 -1
5.772400e+01 -1.310000e+01 -6.656500e+00 1.786200e+01 6.188700e+00 2.228500e+00 -2.129600e+01 7.640200e+00 -2.565200e+00 5.838300e+01 -1.561200e+01 -6.046900e+00 1.097100e+01 4.472200e+00 1.628000e+00 -1.246600e+01 -3.613700e+00 -2.238200e+00 7.369700e+01 -9.013800e+00 -5.139300e+00 1.076700e+01 5.368000e+00 1.855500e+00 1.022300e+01 3.710000e+00 2.006400e+00 6.951300e+01 -8.630600e+00 -7.083500e+00 2.088900e+01 5.456500e+00 3.359000e+00 -2.654700e+01 3.081400e+00 -4.515800e+00 6.733000e+01 -9.203000e+00 -5.344300e+00 1.980600e+01 5.098000e+00 2.927400e+00 -2.406400e+01 4.430200e+00 3.851700e+00 -1
6.237200e+01 -1.775500e+01 -8.843000e+00 1.683600e+01 5.278800e+00 2.381800e+00 -2.234200e+01 7.175500e+00 -1.138300e+00 6.133700e+01 -9.887300e+00 -6.942400e-01 1.940100e+01 6.944200e+00 6.852000e+00 -2.376000e+01 4.858500e+00 5.973000e+00 7.081500e+01 -1.372300e+01 -6.950800e+00 7.123400e+00 5.932800e+00 3.447200e+00 2.296100e+00 6.088400e+00 3.708400e+00 6.904400e+01 -1.519100e+01 -8.197900e+00 1.596000e+01 5.157700e+00 2.209200e+00 -2.268100e+01 6.944300e+00 2.382200e+00 7.105700e+01 -7.164600e+00 9.595300e-01 1.704200e+01 8.539600e+00 6.563300e+00 -2.109700e+01 -9.635700e+00 6.736600e+00 -1
6.525400e+01 -1.843100e+01 -1.596000e+01 1.699700e+01 4.477600e+00 2.492000e+00 -2.435500e+01 7.045800e+00 3.874300e+00 6.525000e+01 -1.730800e+01 -1.490500e+01 1.671400e+01 4.876700e+00 3.292300e+00 -2.459600e+01 7.477400e+00 5.139600e+00 7.316200e+01 -1.673000e+01 -1.445100e+01 3.507800e+00 3.551100e+00 3.417900e+00 -3.839600e+00 4.599900e+00 4.433200e+00 6.518300e+01 -1.619700e+01 -1.323600e+01 1.625900e+01 5.369700e+00 4.445900e+00 -2.346400e+01 7.863700e+00 6.161900e+00 7.051600e+01 -1.552400e+01 -1.365800e+01 9.731400e+00 2.462100e+00 3.376400e+00 -1.584800e+01 3.221600e+00 -4.785900e+00 -1
6.150600e+01 -1.197400e+01 -6.879900e+00 1.632800e+01 3.002000e+00 1.928700e+00 -2.348700e+01 3.947400e+00 -1.579100e+00 5.981600e+01 -1.130700e+01 -6.715200e+00 1.592600e+01 3.282000e+00 2.056900e+00 -2.325200e+01 4.921700e+00 -1.466800e+00 7.003700e+01 -1.042700e+01 -6.151500e+00 8.310000e+00 3.559800e+00 1.749700e+00 1.098800e+01 4.309900e+00 2.144300e+00 5.838200e+01 -1.119000e+01 -5.658200e+00 1.549900e+01 3.920600e+00 3.066700e+00 -2.150600e+01 5.142200e+00 4.127800e+00 6.009000e+01 -1.360800e+01 -7.151200e+00 9.131400e+00 3.084600e+00 1.712300e+00 -1.385100e+01 -3.175000e+00 -2.295800e+00 -1
5.521500e+01 -1.045300e+01 -3.538200e+00 1.664700e+01 3.368200e+00 2.522900e+00 -2.118000e+01 4.065400e+00 -2.855200e+00 6.896500e+01 -8.204800e+00 -3.662000e+00 2.050900e+01 4.323500e+00 3.268400e+00 -2.651700e+01 5.149600e+00 1.994900e+00 7.282000e+01 -2.813400e+00 -3.331700e-01 1.317600e+01 9.225300e+00 6.090100e+00 -9.059200e+00 1.064700e+01 6.554400e+00 6.815100e+01 -7.379100e+00 -2.957200e+00 2.021900e+01 5.324900e+00 3.522200e+00 -2.295100e+01 6.326300e+00 3.599500e+00 6.055300e+01 -6.880400e+00 -8.511900e-01 1.458000e+01 8.568000e+00 5.053800e+00 -1.469900e+01 -5.342700e+00 5.614000e+00 -1
4.978800e+01 -7.974000e+00 -5.849400e+00 1.655900e+01 3.703100e+00 3.588300e+00 -1.865600e+01 4.174600e+00 -4.180500e+00 5.769900e+01 -4.998400e+00 -1.903700e+00 1.790900e+01 1.077900e+01 5.966600e+00 -2.111200e+01 1.226000e+01 5.697700e+00 6.659600e+01 4.025100e+00 4.925300e+00 1.360000e+01 1.428500e+01 1.091500e+01 9.737900e+00 1.157400e+01 1.037900e+01 5.490400e+01 -7.841600e+00 -2.700100e+00 1.466200e+01 6.153100e+00 3.605100e+00 -1.906000e+01 9.101700e+00 5.114800e+00 5.580300e+01 -6.220800e+00 -1.941500e+00 1.154200e+01 1.020100e+01 5.555700e+00 -1.361500e+01 1.202400e+01 6.657900e+00 -1
5.128800e+01 -1.390600e+01 -2.606700e+00 1.414500e+01 6.787500e+00 5.044200e+00 -1.922900e+01 -4.028300e+00 4.135500e+00 5.490000e+01 -1.257200e+01 -3.888000e+00 1.618000e+01 8.246600e+00 5.284200e+00 -2.020700e+01 7.914300e+00 5.782800e+00 6.629500e+01 -4.373700e+00 3.368100e+00 1.152300e+01 1.269500e+01 1.008600e+01 8.789000e+00 8.576200e+00 9.352200e+00 5.136800e+01 -1.749500e+01 -1.407700e-01 1.367500e+01 9.887100e+00 6.158600e+00 -1.782100e+01 7.620300e+00 -2.683200e+00 5.592300e+01 -1.932300e+01 4.518400e-01 8.515300e+00 8.203800e+00 7.564000e+00 -1.238900e+01 -1.009500e+01 9.181300e+00 -1
5.691200e+01 -9.427300e+00 -7.409900e+00 1.690400e+01 1.089600e+01 5.801000e+00 -2.194700e+01 1.503800e+01 7.417200e+00 5.264900e+01 -1.288000e+01 -7.378300e+00 1.533400e+01 5.328400e+00 3.242200e+00 -1.964800e+01 6.816500e+00 3.382700e+00 6.930000e+01 7.026000e+00 5.136400e+00 1.300300e+01 1.682500e+01 1.228200e+01 -8.368000e+00 1.009100e+01 7.507000e+00 4.773900e+01 -1.154300e+01 -6.683900e+00 1.228400e+01 6.814500e+00 3.959100e+00 -1.578200e+01 8.952800e+00 5.252700e+00 4.978600e+01 -1.230900e+01 -3.841000e+00 9.888500e+00 1.190000e+01 6.522600e+00 -9.087800e+00 9.458500e+00 7.991600e+00 -1
5.307200e+01 -7.044900e+00 -4.360900e+00 1.628800e+01 7.333300e+00 4.370700e+00 -2.014800e+01 1.118000e+01 5.468400e+00 5.443800e+01 -6.617700e+00 -4.384600e+00 1.664000e+01 7.094400e+00 3.819700e+00 -2.099700e+01 1.133000e+01 5.357400e+00 6.010900e+01 7.202300e+00 6.995300e+00 1.289200e+01 1.508800e+01 1.251500e+01 1.075000e+01 1.238500e+01 1.210200e+01 5.663500e+01 -9.106100e+00 -3.718800e+00 1.460900e+01 2.765100e+00 1.843100e+00 -1.951200e+01 3.459200e+00 2.252200e+00 5.361600e+01 -7.560000e+00 -4.721800e+00 1.312900e+01 6.035200e+00 3.129200e+00 -1.334900e+01 8.645100e+00 3.623000e+00 -1
5.462800e+01 -1.124100e+01 2.775100e-01 1.638300e+01 6.099500e+00 5.549500e+00 -2.128500e+01 -6.035000e+00 6.371900e+00 5.859300e+01 -7.507600e+00 -1.637600e+00 1.824800e+01 5.022600e+00 4.650900e+00 -2.151300e+01 6.991800e+00 5.171900e+00 6.612000e+01 -1.002200e+01 5.008000e+00 7.162600e+00 8.902200e+00 6.163500e+00 5.588400e+00 8.604600e+00 6.719700e+00 5.353900e+01 -9.667300e+00 1.377900e+00 1.512000e+01 7.511800e+00 4.406500e+00 -1.837200e+01 8.367600e+00 3.672500e+00 6.029000e+01 -9.311800e+00 -3.787300e+00 1.583700e+01 3.680400e+00 4.709100e+00 -1.168000e+01 -4.887600e+00 -4.962800e+00 -1
5.630600e+01 -8.179500e+00 -3.622700e+00 1.765200e+01 3.255100e+00 2.631500e+00 -2.178100e+01 3.727800e+00 -3.391000e+00 5.642800e+01 -8.200700e+00 -3.356000e+00 1.907300e+01 3.552600e+00 2.286200e+00 -1.965700e+01 4.197100e+00 -2.017400e+00 7.461200e+01 -4.894300e+00 -3.104500e+00 1.510800e+01 3.899600e+00 2.212800e+00 8.077200e+00 2.108500e+00 1.864700e+00 6.991300e+01 -4.116500e+00 -2.663200e+00 1.769100e+01 4.039300e+00 2.045000e+00 -2.436600e+01 3.530300e+00 -2.340300e+00 6.703300e+01 -7.437000e+00 -4.074500e+00 1.412300e+01 4.064100e+00 2.978300e+00 -1.706600e+01 -5.782300e+00 -2.810700e+00 -1
6.889800e+01 -1.116600e+01 -7.606700e+00 1.869300e+01 3.518500e+00 2.072900e+00 -2.664800e+01 4.385300e+00 -2.490200e+00 6.724400e+01 -1.137300e+01 -6.638900e+00 1.940800e+01 3.782400e+00 2.708000e+00 -2.638100e+01 4.962900e+00 3.317100e+00 7.397500e+01 -1.047400e+01 -5.957000e+00 7.462300e+00 3.006300e+00 2.385400e+00 4.353800e+00 3.529000e+00 2.734100e+00 6.996700e+01 -1.115900e+01 -6.985300e+00 1.543300e+01 2.441700e+00 2.045200e+00 -2.375300e+01 3.949600e+00 2.547300e+00 7.092700e+01 -1.346700e+01 -7.675900e+00 1.019100e+01 2.711000e+00 2.120500e+00 -1.655300e+01 -3.694900e+00 -3.381400e+00 -1
6.043200e+01 -9.819400e+00 -8.639100e-01 1.954100e+01 5.658600e+00 3.813400e+00 -2.239200e+01 -5.185400e+00 2.493500e+00 6.881700e+01 -4.683100e+00 -2.141000e+00 2.234300e+01 3.497100e+00 2.549500e+00 -2.664100e+01 -6.554200e-01 -2.238900e+00 6.763600e+01 -5.094300e+00 -1.644000e+00 1.071000e+01 3.873800e+00 3.419700e+00 4.176600e+00 4.114900e+00 4.446000e+00 6.329100e+01 -5.531000e+00 -2.150000e+00 1.922100e+01 2.967100e+00 2.087400e+00 -2.180200e+01 2.792100e+00 2.385300e+00 6.537000e+01 -7.104800e+00 -1.845700e+00 1.464300e+01 3.983200e+00 2.200900e+00 -1.938200e+01 -6.417100e+00 3.277700e+00 -1
4.574000e+01 -1.049500e+01 -6.098800e+00 1.352700e+01 3.829900e+00 3.016300e+00 -1.754800e+01 5.009500e+00 -2.738000e+00 5.498200e+01 -1.152300e+01 -7.332800e+00 1.884400e+01 6.193000e+00 3.496300e+00 -1.875200e+01 -1.649400e+00 -2.329900e+00 7.271100e+01 -7.570200e+00 -5.089500e+00 1.609900e+01 4.248900e+00 3.571500e+00 -9.468100e+00 3.039900e+00 3.611000e+00 5.857000e+01 -1.365300e+01 -7.189100e+00 2.109800e+01 8.224900e+00 5.382300e+00 -1.488400e+01 6.470800e+00 6.400200e+00 7.055800e+01 -7.196100e+00 -2.142900e-01 2.003100e+01 9.551400e+00 6.976100e+00 -1.686800e+01 -8.872900e+00 7.337200e+00 -1
6.648500e+01 -1.168700e+01 -1.153400e+01 1.748700e+01 3.756000e+00 3.975800e+00 -2.515000e+01 5.919900e+00 -3.511600e+00 6.133000e+01 -1.159000e+01 1.532800e+00 1.759900e+01 5.622500e+00 6.104200e+00 -2.411700e+01 4.910500e+00 -4.642900e+00 6.767400e+01 -1.042400e+01 1.664000e+00 8.197200e+00 5.406700e+00 4.713400e+00 1.009900e+01 3.796200e+00 1.841500e+00 6.214800e+01 -1.136500e+01 1.919000e-01 1.473300e+01 6.022200e+00 7.185200e+00 -2.072500e+01 4.489400e+00 -3.903000e+00 6.408400e+01 -8.689700e+00 3.397400e+00 1.277800e+01 7.938900e+00 5.560700e+00 -1.750700e+01 -1.042000e+01 6.379400e+00 -1
6.059000e+01 -2.101500e+01 -1.739800e+01 1.543000e+01 6.579300e+00 3.295900e+00 -2.280200e+01 1.005300e+01 5.393600e+00 6.402100e+01 -2.197400e+01 -1.743000e+01 8.104400e+00 3.385400e+00 3.413800e+00 -1.276700e+01 5.366000e+00 -2.413700e+00 6.954500e+01 -1.940900e+01 -1.530900e+01 8.288100e+00 5.809500e+00 4.885100e+00 1.016300e+01 6.901100e+00 5.790700e+00 6.176300e+01 -2.062400e+01 -1.750400e+01 1.570600e+01 6.417300e+00 3.111300e+00 -2.231700e+01 9.647400e+00 3.646400e+00 6.026500e+01 -1.634600e+01 -1.295700e+01 1.742400e+01 7.711100e+00 6.147600e+00 -2.245900e+01 8.765400e+00 7.723300e+00 -1
6.624200e+01 -1.093800e+01 -9.065500e+00 2.073200e+01 4.099800e+00 4.463500e+00 -2.337500e+01 5.768000e+00 -5.721400e+00 6.336200e+01 -9.698100e+00 -6.856100e+00 2.007800e+01 4.745800e+00 3.989600e+00 -2.456000e+01 4.377900e+00 3.296500e+00 7.044800e+01 -9.387800e+00 -6.390700e+00 8.659400e+00 4.350100e+00 3.626300e+00 -2.604300e+00 3.280700e+00 2.021700e+00 6.867500e+01 -8.940100e+00 -6.825500e+00 1.747900e+01 4.643400e+00 4.283400e+00 -2.320900e+01 5.002800e+00 2.131700e+00 6.303000e+01 -6.262900e+00 -4.189800e+00 1.729000e+01 4.032700e+00 4.180300e+00 -1.640500e+01 -3.302300e+00 -6.336200e+00 -1
6.884600e+01 -7.595800e+00 2.471400e+00 2.093900e+01 3.865300e+00 2.720400e+00 -2.714500e+01 -4.555300e+00 3.186400e+00 6.954600e+01 -6.765200e+00 1.752900e+00 2.102600e+01 3.275200e+00 1.865200e+00 -2.684000e+01 2.941200e+00 -2.353900e+00 7.428800e+01 -6.611700e+00 2.180100e+00 1.275800e+01 2.028100e+00 2.296500e+00 -1.016900e+01 2.032700e+00 2.452000e+00 6.956600e+01 -5.917700e+00 2.710500e+00 1.978500e+01 2.792600e+00 2.055200e+00 -2.489100e+01 3.939500e+00 1.079900e+00 7.198500e+01 -6.641000e+00 3.983200e+00 1.640600e+01 5.670200e+00 3.709500e+00 -2.090300e+01 -9.378900e+00 5.426600e+00 -1
5.191700e+01 -1.454100e+01 -1.221800e+00 1.704900e+01 8.949500e+00 6.656500e+00 -1.533000e+01 6.426200e+00 -6.506000e+00 5.066000e+01 -1.015200e+01 -1.899600e+00 1.359200e+01 6.727400e+00 4.871800e+00 -9.657300e+00 -8.519800e+00 5.465400e+00 6.245000e+01 -8.231100e+00 -7.928100e-01 1.695300e+01 5.757300e+00 4.076500e+00 1.610000e+01 -5.223600e+00 2.419500e+00 4.788700e+01 -1.399800e+01 2.582000e+00 1.472600e+01 7.683100e+00 5.272600e+00 -1.739400e+01 -2.283600e+00 -5.060800e+00 4.677000e+01 -5.535400e+00 -1.323700e+00 1.426500e+01 4.461200e+00 3.798000e+00 -1.422200e+01 -4.888700e+00 -2.429900e+00 -1
5.126300e+01 -1.901900e+01 4.260200e+00 1.546800e+01 7.944800e+00 5.503500e+00 -1.775100e+01 8.753700e+00 -6.058800e+00 5.304100e+01 -1.113300e+01 1.745100e+00 1.454700e+01 8.733700e+00 4.917800e+00 -1.053000e+01 -9.443900e+00 5.844600e+00 6.414200e+01 -1.084500e+01 2.021600e+00 1.488500e+01 7.135200e+00 5.511300e+00 1.464900e+01 -4.972300e+00 -2.354200e+00 5.069400e+01 -1.581000e+01 4.297800e+00 1.603400e+01 8.622400e+00 4.957500e+00 -1.851000e+01 2.314700e+00 -4.121800e+00 5.132500e+01 -4.486600e+00 -2.452500e+00 1.665000e+01 3.786800e+00 4.667800e+00 -1.507300e+01 -3.856800e+00 -3.299600e+00 -1
6.348800e+01 -1.304700e+01 1.012700e+01 1.773900e+01 4.820500e+00 3.869800e+00 -2.457200e+01 -5.949700e+00 -2.992700e+00 5.982700e+01 -1.237900e+01 9.213300e+00 1.763800e+01 6.696700e+00 5.811800e+00 -2.252500e+01 5.954000e+00 -5.659200e+00 7.229500e+01 -6.411200e+00 9.675300e+00 1.154700e+01 7.208300e+00 6.662100e+00 3.592900e+00 4.327600e+00 1.616700e+00 6.020500e+01 -9.501400e+00 7.594800e+00 1.639000e+01 4.195700e+00 5.452100e+00 -2.152500e+01 5.228700e+00 -4.966900e+00 5.900800e+01 -1.084400e+01 8.264700e+00 1.311700e+01 8.830600e+00 7.342200e+00 -1.326300e+01 -1.061300e+01 7.004900e+00 -1
4.940400e+01 -1.068300e+01 -3.369800e+00 1.494000e+01 3.934100e+00 2.704100e+00 -1.964100e+01 5.025400e+00 1.804000e+00 5.289800e+01 -9.985700e+00 -3.588900e+00 1.702600e+01 4.859500e+00 3.987000e+00 -1.885500e+01 5.058400e+00 -2.504100e+00 6.286500e+01 -7.535400e+00 -1.012800e+00 1.278000e+01 4.249000e+00 3.918000e+00 1.198100e+01 2.750200e+00 7.905700e-01 5.660500e+01 -7.446900e+00 -1.928300e+00 1.980600e+01 4.782700e+00 4.019500e+00 -1.407400e+01 3.538300e+00 -2.181900e+00 6.283800e+01 -1.163200e+01 4.837400e+00 1.348600e+01 9.608100e+00 8.294300e+00 -1.347200e+01 -1.419500e+01 1.049300e+01 -1
6.431900e+01 -1.806500e+01 -1.350900e+01 1.684000e+01 1.081800e+01 1.200300e+01 -2.403500e+01 1.044300e+01 1.248700e+01 6.436800e+01 -2.397000e+01 -2.026400e+01 1.611400e+01 7.857600e+00 5.351900e+00 -2.379600e+01 1.100200e+01 8.140600e+00 6.999400e+01 -1.564900e+01 -1.032500e+01 4.197800e+00 1.237900e+01 1.384300e+01 4.516600e+00 1.007100e+01 1.123700e+01 6.430600e+01 -1.991400e+01 -1.485400e+01 1.670700e+01 1.017800e+01 1.033300e+01 -2.351300e+01 1.084900e+01 1.119400e+01 6.808200e+01 -2.591000e+01 -2.222500e+01 7.231800e+00 2.963800e+00 2.862100e+00 -1.208600e+01 4.780500e+00 -3.534900e+00 -1
63 -6.449800e+00 3.019200e+00 1.835200e+01 4.307100e+00 2.616000e+00 -2.515200e+01 -4.484100e+00 2.358900e+00 6.146900e+01 -9.227600e+00 5.032500e+00 1.925700e+01 6.465200e+00 5.913600e+00 -2.256700e+01 4.317100e+00 -3.742600e+00 6.995200e+01 -8.728700e+00 4.973700e+00 1.165400e+01 6.436500e+00 6.235100e+00 -7.552500e+00 5.838000e+00 -3.564700e+00 6.208000e+01 -1.092600e+01 5.936100e+00 1.710400e+01 5.666600e+00 4.744900e+00 -2.205900e+01 2.045200e+00 4.001900e+00 6.269200e+01 -1.405300e+01 7.842300e+00 1.354400e+01 8.396600e+00 5.833600e+00 -1.446600e+01 -1.153500e+01 7.387100e+00 -1
5.886100e+01 -7.224600e+00 -1.058100e+00 1.730600e+01 2.524400e+00 2.432400e+00 -2.382900e+01 2.151000e+00 -2.491700e+00 6.281900e+01 -1.334300e+01 7.400600e+00 1.731100e+01 6.937600e+00 7.090400e+00 -2.415700e+01 -3.318100e+00 -1.425600e+00 6.630000e+01 -9.472500e+00 1.743400e+00 7.620000e+00 4.448800e+00 5.032100e+00 8.371100e+00 -4.235000e+00 5.293700e+00 5.974700e+01 -8.168600e+00 1.485500e+00 1.855100e+01 5.542900e+00 5.018800e+00 -1.885800e+01 -3.674100e+00 4.462400e+00 7.126300e+01 -1.660200e+01 1.438400e+01 1.524900e+01 1.063700e+01 8.484900e+00 -1.568500e+01 -1.337600e+01 8.002000e+00 -1
7.703100e+01 -3.659800e+00 -1.589500e+01 2.149300e+01 4.060200e+00 6.619800e+00 -2.916500e+01 5.514500e+00 -7.136400e+00 5.718800e+01 -9.154900e+00 -3.203100e+00 1.718800e+01 3.960100e+00 5.882800e+00 -2.149400e+01 4.583900e+00 -6.479100e+00 6.845200e+01 -5.658200e+00 -3.333100e+00 1.192400e+01 5.935800e+00 5.499200e+00 7.801400e+00 3.842700e+00 3.921500e+00 5.748300e+01 -1.131200e+01 9.693500e-02 1.547200e+01 4.471600e+00 6.816600e+00 -1.901600e+01 5.679800e+00 -7.304500e+00 6.165400e+01 -8.208400e+00 -4.719700e+00 1.415100e+01 5.595400e+00 6.278400e+00 -1.654000e+01 -3.688100e+00 -3.603200e+00 -1
6.348700e+01 -1.327800e+01 -1.105300e+00 1.919500e+01 8.205100e+00 8.138400e+00 -2.391600e+01 -7.868800e+00 7.121700e+00 6.102000e+01 -8.283900e+00 5.497000e-01 1.853800e+01 5.662800e+00 5.053900e+00 -2.269400e+01 3.337800e+00 3.578100e+00 65 -7.505600e+00 -3.103700e+00 1.337100e+01 3.381100e+00 3.026400e+00 1.001900e+01 -2.385200e+00 1.857100e+00 5.670800e+01 -7.566000e+00 -2.619700e+00 1.600900e+01 4.481800e+00 2.842500e+00 -1.872500e+01 5.158100e+00 2.771500e+00 6.122800e+01 -3.579900e+00 2.313200e+00 1.299800e+01 6.119500e+00 3.383700e+00 -1.791800e+01 -4.469300e+00 3.998000e+00 -1
6.513900e+01 -1.754500e+01 -1.523200e+01 1.646500e+01 5.130400e+00 2.322100e+00 -2.401700e+01 8.288000e+00 -1.916900e+00 6.449700e+01 -1.722000e+01 -1.419900e+01 1.708000e+01 5.047400e+00 2.876500e+00 -2.469800e+01 7.482600e+00 4.121800e+00 7.031800e+01 -1.568100e+01 -1.233000e+01 5.768000e+00 4.825400e+00 4.874800e+00 -4.900600e+00 5.508200e+00 5.835900e+00 6.674000e+01 -1.676300e+01 -1.338000e+01 1.546900e+01 4.599100e+00 3.220900e+00 -2.309600e+01 7.770600e+00 5.547200e+00 6.584000e+01 -1.839900e+01 -1.404200e+01 1.043400e+01 2.624000e+00 1.966300e+00 -1.573800e+01 3.920800e+00 2.414600e+00 -1
6.871600e+01 -6.529200e+00 -1.307600e+01 1.835100e+01 3.152200e+00 3.558900e+00 -2.635400e+01 4.588300e+00 -4.572000e+00 6.643800e+01 -7.434900e+00 -1.177000e+01 1.783100e+01 2.824000e+00 2.555000e+00 -2.598900e+01 4.219700e+00 3.073200e+00 7.106400e+01 -3.751000e+00 -8.972700e+00 1.163600e+01 3.346600e+00 4.582800e+00 -1.089600e+01 2.980600e+00 4.093800e+00 6.367500e+01 -7.646000e+00 -1.012400e+01 1.737400e+01 2.526900e+00 4.108700e+00 -2.345100e+01 3.205100e+00 5.267900e+00 6.374800e+01 -7.278800e+00 -1.101900e+01 1.399000e+01 2.606900e+00 4.459300e+00 -1.671100e+01 3.880100e+00 -6.598100e+00 -1
5.503100e+01 -8.756700e+00 -2.786300e+00 1.845000e+01 4.087000e+00 3.626000e+00 -2.036600e+01 4.070600e+00 3.254100e+00 6.605900e+01 -7.659600e+00 3.684700e+00 2.042300e+01 6.505000e+00 5.513300e+00 -2.440800e+01 -2.397300e+00 -1.946200e+00 6.999900e+01 -7.806000e+00 2.092700e+00 1.141900e+01 6.751900e+00 5.768800e+00 7.877300e+00 -7.148400e+00 6.994100e+00 6.197600e+01 -6.083800e+00 1.415100e+00 1.889000e+01 6.542100e+00 4.445300e+00 -2.128300e+01 -7.155500e+00 4.677100e+00 6.621700e+01 -1.220200e+00 3.661500e+00 1.473600e+01 6.614300e+00 4.816500e+00 -1.816300e+01 -9.342500e+00 2.170800e+00 -1
8.519500e+01 -5.038600e-01 -1.283700e+00 2.736100e+01 1.585100e+00 3.241800e+00 -3.595000e+01 1.375500e+00 -4.384100e+00 6.214400e+01 -3.745600e+00 1.166000e+00 1.862700e+01 2.888100e+00 2.233500e+00 -2.369100e+01 -2.168300e+00 -3.361900e+00 6.635100e+01 -3.201600e+00 1.759600e+00 5.916200e+00 1.425700e+00 1.165400e+00 4.596800e+00 1.428800e+00 1.392200e+00 6.141800e+01 -4.467600e+00 5.777000e-01 1.515400e+01 1.733100e+00 1.835100e+00 -2.108300e+01 2.364800e+00 -2.658200e+00 6.796500e+01 -4.681400e+00 1.763100e+00 1.466300e+01 5.738100e+00 3.127600e+00 -1.965100e+01 -9.360700e+00 5.175500e+00 -1
