150 46
4.710100e+01 -8.806300e+00 -2.745100e+00 1.477100e+01 3.048900e+00 3.024500e+00 -1.715800e+01 3.543500e+00 -2.055700e+00 4.815200e+01 -9.133600e+00 -3.580600e+00 1.305400e+01 5.112300e+00 4.972800e+00 1.153900e+01 2.692100e+00 3.916000e+00 6.884900e+01 -6.760900e-01 5.765400e+00 1.248600e+01 4.692500e+00 4.358600e+00 6.876000e+00 3.852300e+00 -1.614400e+00 4.747700e+01 -9.034600e+00 -2.884300e+00 1.495000e+01 4.161800e+00 3.795600e+00 -1.817100e+01 5.127800e+00 -3.677900e+00 4.088900e+01 -6.556800e+00 -4.886700e+00 1.058300e+01 3.948200e+00 3.467200e+00 -1.378600e+01 1.974700e+00 3.599900e+00 +1
5.584000e+01 -1.355100e+01 8.137500e+00 1.670600e+01 5.874500e+00 4.352100e+00 -2.049100e+01 -3.798600e+00 -3.706600e+00 6.188200e+01 -3.284900e+00 8.309800e+00 2.167100e+01 9.526200e+00 4.643400e+00 -2.151200e+01 6.565300e+00 -5.826200e+00 7.121900e+01 1.258000e+00 6.275800e+00 1.370700e+01 5.963700e+00 3.273200e+00 -9.118900e+00 -5.894400e+00 -1.117100e+00 6.719800e+01 6.892100e-01 7.859100e+00 1.900800e+01 8.757800e+00 4.121500e+00 -2.133000e+01 -4.235400e+00 -3.690000e+00 7.034900e+01 6.655800e+00 9.678400e+00 1.915300e+01 8.591400e+00 7.113600e+00 -1.664200e+01 1.251200e+01 9.689600e+00 +1
7.267700e+01 3.301400e-01 1.475100e+00 2.245400e+01 4.118300e+00 3.226000e+00 -2.928400e+01 4.142900e+00 -2.155400e+00 7.244500e+01 8.245900e-01 6.532500e-01 2.199700e+01 5.078600e+00 4.322700e+00 -2.814200e+01 6.324400e+00 2.549700e+00 7.326800e+01 -1.976100e+00 -1.582500e+00 1.170200e+01 3.827800e+00 3.875000e+00 -7.996000e+00 3.919700e+00 3.853000e+00 7.536500e+01 4.212500e+00 5.459200e+00 2.218700e+01 4.265200e+00 3.538800e+00 -2.731800e+01 -4.693700e+00 -2.426500e+00 7.508800e+01 3.255400e+00 3.898500e+00 1.802300e+01 6.499200e+00 4.250600e+00 -2.202000e+01 9.231000e+00 6.508500e+00 +1
6.674000e+01 -2.514900e+00 8.718500e+00 2.240900e+01 7.141600e+00 6.098600e+00 -2.436300e+01 -5.181600e+00 2.717200e+00 6.454700e+01 -3.296500e+00 6.537200e+00 2.240100e+01 5.857900e+00 6.426100e+00 -2.142700e+01 -4.055300e+00 5.661300e+00 7.108700e+01 -3.538500e-01 3.914600e+00 1.219300e+01 2.949500e+00 3.249200e+00 1.171200e+01 -1.627200e+00 3.284900e+00 6.136100e+01 -1.284100e+00 5.104500e+00 1.963600e+01 4.105500e+00 5.390900e+00 -1.969900e+01 -4.161100e+00 5.198000e+00 7.443900e+01 2.339200e+00 5.389900e+00 2.024100e+01 6.432800e+00 6.160100e+00 -1.817400e+01 8.996400e+00 8.266500e+00 +1
7.186400e+01 -2.039700e+00 1.034300e+01 2.292000e+01 7.424600e+00 4.966400e+00 -2.659500e+01 -5.735900e+00 -5.058400e+00 6.463000e+01 -5.410700e+00 8.513700e+00 1.656700e+01 8.894400e+00 6.709700e+00 -1.596200e+01 -1.211700e+01 6.617800e+00 7.047300e+01 -1.250200e+00 6.002300e+00 1.502100e+01 4.503200e+00 4.319100e+00 1.248400e+01 -2.338900e+00 1.829000e+00 6.511100e+01 -3.121000e+00 6.350700e+00 2.403500e+01 6.883100e+00 7.256400e+00 -2.309900e+01 -4.234400e+00 3.288300e+00 5.345500e+01 -3.441700e+00 1.067100e+00 1.897400e+01 5.488100e+00 6.535400e+00 7.456400e+00 5.061600e+00 4.984900e+00 +1
6.007200e+01 -8.763300e+00 9.395800e+00 1.934900e+01 6.542100e+00 6.170200e+00 -2.186900e+01 -5.738400e+00 2.914400e+00 5.849800e+01 -2.911500e-01 5.303100e+00 1.944300e+01 5.511500e+00 4.551300e+00 -2.133200e+01 4.422000e+00 -2.953100e+00 7.229800e+01 3.289100e+00 6.934600e+00 1.413400e+01 5.502600e+00 4.049400e+00 4.896000e+00 -4.339400e+00 1.367900e+00 5.503500e+01 -1.855400e+00 3.574000e+00 1.730600e+01 5.379400e+00 4.281000e+00 -1.730700e+01 1.834700e+00 -2.972300e+00 7.130000e+01 6.069500e+00 8.224300e+00 1.901400e+01 8.250800e+00 6.258600e+00 -1.843400e+01 1.113400e+01 8.566000e+00 +1
5.849000e+01 -6.312100e+00 7.388300e+00 1.963400e+01 7.486100e+00 5.151600e+00 -2.010800e+01 -6.046300e+00 -4.355000e+00 6.591400e+01 1.324000e+00 6.378600e+00 2.175900e+01 6.471300e+00 4.314400e+00 -2.371800e+01 6.653200e+00 -3.899700e+00 7.340200e+01 2.203300e+00 7.446400e+00 1.730600e+01 3.876500e+00 3.557700e+00 -6.759100e+00 -1.922000e+00 1.464500e+00 7.500800e+01 2.868600e+00 8.193600e+00 2.238100e+01 4.180300e+00 3.779300e+00 -2.669700e+01 -3.973600e+00 -4.795900e+00 7.851800e+01 6.027700e+00 1.100100e+01 1.861900e+01 7.884500e+00 6.018700e+00 -2.093700e+01 1.161200e+01 8.401600e+00 +1
6.813600e+01 -8.457900e+00 4.009500e+00 2.111600e+01 6.701400e+00 5.048500e+00 -2.446700e+01 -7.904000e+00 4.354400e+00 5.943700e+01 -4.330900e+00 3.454500e+00 1.928900e+01 6.244400e+00 6.400400e+00 -2.106200e+01 1.372000e+00 4.954000e+00 6.977800e+01 1.220900e-01 1.919700e+00 1.567100e+01 3.005200e+00 2.906100e+00 1.386100e+01 1.627200e+00 2.265500e+00 6.339000e+01 -4.156500e-01 3.954300e+00 2.023700e+01 5.112800e+00 3.216700e+00 -2.069600e+01 -3.609600e+00 -2.800800e+00 6.758600e+01 2.656400e+00 4.496800e+00 1.951400e+01 7.656100e+00 6.546500e+00 -1.570600e+01 1.099700e+01 8.399500e+00 +1
5.919800e+01 -4.590400e+00 2.747400e+00 2.138600e+01 4.045500e+00 6.297100e+00 -2.040300e+01 -2.277100e+00 2.918900e+00 6.395800e+01 -1.191800e+00 2.796400e+00 2.042100e+01 4.926700e+00 4.350300e+00 -2.298700e+01 5.405500e+00 -2.331100e+00 7.254900e+01 -4.677800e+00 -2.523000e+00 9.868600e+00 3.084700e+00 4.679800e+00 4.508400e+00 2.652700e+00 4.313100e+00 6.058700e+01 -3.064400e+00 6.023100e-01 2.060400e+01 3.779700e+00 4.423200e+00 -1.887900e+01 -1.122300e+00 2.150500e+00 6.561100e+01 -3.754400e+00 8.589700e-02 1.568500e+01 4.744700e+00 3.423600e+00 -1.877100e+01 3.567700e+00 4.412300e+00 +1
6.883400e+01 -3.224700e+00 9.418900e+00 2.261900e+01 7.901500e+00 5.622600e+00 -2.545700e+01 -7.168400e+00 3.678800e+00 5.969100e+01 -2.819800e+00 3.456000e+00 1.879400e+01 5.170400e+00 5.097600e+00 -2.168700e+01 5.451900e+00 3.771500e+00 7.040200e+01 -2.416000e-01 4.255300e+00 1.420800e+01 3.373800e+00 3.902300e+00 1.254300e+01 -3.723000e+00 3.941700e+00 6.420500e+01 5.355700e-01 7.513400e+00 1.978800e+01 6.389900e+00 4.875000e+00 -2.138600e+01 -6.649400e+00 2.857600e+00 7.626300e+01 3.648800e+00 6.652900e+00 2.127800e+01 6.834500e+00 5.898500e+00 -2.111900e+01 1.050300e+01 8.467300e+00 +1
7.018500e+01 -2.362300e+00 5.585200e+00 2.322100e+01 6.408800e+00 4.409500e+00 -2.666000e+01 -6.019300e+00 1.433600e+00 7.110200e+01 1.827400e+00 5.893700e+00 2.273300e+01 5.524500e+00 4.824600e+00 -2.669400e+01 5.194900e+00 -4.523500e+00 7.135900e+01 1.745400e+00 5.876300e+00 1.602900e+01 3.087700e+00 3.495500e+00 1.292000e+01 2.313100e+00 2.468800e+00 5.896300e+01 -2.769300e+00 2.068000e+00 1.864900e+01 3.858300e+00 3.248900e+00 -1.928000e+01 3.168400e+00 -1.373500e+00 6.223700e+01 1.571000e-01 4.991400e+00 1.735000e+01 6.668500e+00 5.234500e+00 -1.314000e+01 7.351200e+00 6.295400e+00 +1
6.517300e+01 -6.602300e+00 5.835900e+00 2.040300e+01 6.399200e+00 3.906500e+00 -2.489100e+01 -4.776800e+00 -3.164700e+00 6.474700e+01 -1.676800e+00 4.180600e+00 2.063900e+01 4.689800e+00 3.053100e+00 -2.400300e+01 -3.096000e+00 -2.851900e+00 7.246200e+01 -4.014500e+00 6.086100e-01 1.056800e+01 5.154500e+00 5.651200e+00 -2.857300e+00 4.117900e+00 4.442400e+00 6.545800e+01 -1.996200e+00 2.572600e+00 1.649700e+01 4.550000e+00 4.471800e+00 -2.169500e+01 5.529400e+00 -2.165300e+00 6.865600e+01 2.345300e+00 5.140800e+00 1.575800e+01 6.084500e+00 4.594000e+00 -1.869100e+01 9.733300e+00 7.210300e+00 +1
7.564200e+01 1.132700e+01 1.059500e+01 2.194500e+01 7.067500e+00 4.948700e+00 -2.833800e+01 7.328300e+00 2.861500e+00 5.171500e+01 -1.098700e+00 3.085800e+00 1.826300e+01 7.915200e+00 6.041400e+00 -1.538300e+01 6.496600e+00 -3.322000e+00 7.568700e+01 4.843400e+00 8.033200e+00 1.647900e+01 5.445600e+00 6.573300e+00 -9.703600e+00 3.300300e+00 4.510800e+00 7.738600e+01 1.048200e+01 1.139500e+01 2.050700e+01 4.442800e+00 4.243700e+00 -2.739300e+01 -4.522800e+00 -6.688300e+00 6.269100e+01 -1.161100e+00 5.276400e+00 2.393600e+01 1.045100e+01 8.726200e+00 1.458400e+01 -7.730600e+00 9.519500e+00 +1
6.813000e+01 -5.401600e+00 5.995900e+00 2.054000e+01 6.876600e+00 4.515000e+00 -2.605200e+01 -6.003200e+00 6.173600e+00 6.422100e+01 -4.625800e+00 2.779900e+00 1.838400e+01 5.909500e+00 4.029500e+00 -2.387600e+01 5.968800e+00 -3.421500e+00 7.180000e+01 -7.287900e-01 1.056100e+00 1.306100e+01 4.346000e+00 4.851000e+00 1.204000e+01 3.408500e+00 3.215900e+00 6.456100e+01 -2.337400e-01 3.326100e+00 2.045700e+01 4.600000e+00 4.124800e+00 -2.122000e+01 -2.142300e+00 -1.883300e+00 6.857900e+01 1.551300e+00 1.338300e+00 1.586000e+01 6.474400e+00 5.257500e+00 -1.877200e+01 9.690800e+00 7.544100e+00 +1
5.942200e+01 -6.352700e+00 4.573300e+00 1.782200e+01 4.688800e+00 3.424600e+00 -2.226600e+01 3.937300e+00 -2.813200e+00 6.432400e+01 -2.529500e+00 4.638400e+00 1.610900e+01 7.648200e+00 3.717000e+00 -1.654600e+01 -7.975700e+00 5.320400e+00 6.740900e+01 -1.555100e+00 3.022900e+00 1.141100e+01 5.867000e+00 5.283300e+00 7.655400e+00 4.471100e+00 4.610100e+00 5.599200e+01 -3.614400e+00 -1.081700e+00 1.805800e+01 4.027400e+00 4.832400e+00 -2.182500e+01 4.149800e+00 -4.594000e+00 5.852600e+01 1.051400e+00 3.661700e+00 1.705400e+01 3.949900e+00 3.630900e+00 -1.940500e+01 2.709100e+00 -2.221300e+00 +1
4.377100e+01 -5.459800e+00 -5.141800e+00 1.437800e+01 3.700300e+00 4.813800e+00 -1.574100e+01 3.754800e+00 3.623700e+00 5.620400e+01 -1.075200e+00 2.594800e+00 1.964000e+01 5.973400e+00 7.598200e+00 -1.924300e+01 4.261700e+00 -4.183200e+00 6.577100e+01 -2.546300e+00 -6.506500e-01 1.576700e+01 4.125800e+00 4.752000e+00 1.527600e+01 2.138100e+00 2.502500e+00 5.902800e+01 -1.220500e+00 1.916100e+00 2.307900e+01 4.999500e+00 5.939500e+00 -1.336700e+01 2.725800e+00 -2.258400e+00 7.524300e+01 6.035500e+00 9.860300e+00 1.806800e+01 7.356900e+00 6.771600e+00 -1.854600e+01 1.029400e+01 7.210700e+00 +1
6.058600e+01 -6.654100e+00 -1.768900e+00 2.124800e+01 4.649400e+00 4.236900e+00 -2.256400e+01 2.033200e+00 -3.515800e+00 5.901600e+01 -8.337600e+00 4.788200e+00 2.048700e+01 6.229100e+00 8.010800e+00 -2.159300e+01 -4.501600e+00 6.829300e+00 6.741500e+01 -1.075900e+00 5.600400e+00 1.396200e+01 1.286600e+01 6.764300e+00 7.212800e+00 1.591900e+01 6.994500e+00 6.451200e+01 -9.791500e+00 6.848700e+00 1.902800e+01 7.221100e+00 8.580600e+00 -2.239200e+01 -5.004700e+00 7.057400e+00 7.126800e+01 -1.710600e+01 1.625300e+01 1.355200e+01 1.026200e+01 6.532400e+00 -1.586300e+01 -1.405800e+01 7.300700e+00 +1
6.142200e+01 -8.439400e+00 4.730700e-01 1.772100e+01 3.175900e+00 4.655100e+00 -2.454400e+01 1.604400e+00 3.687400e+00 6.393200e+01 -2.648700e+00 9.266800e+00 2.120200e+01 2.078700e+01 9.084700e+00 -2.449200e+01 2.548000e+01 7.703800e+00 6.853200e+01 -6.966400e+00 9.652100e+00 1.373800e+01 2.151300e+01 9.831100e+00 -9.418900e+00 2.768000e+01 3.025500e+00 6.700500e+01 -1.344800e+01 1.012700e+01 1.682600e+01 6.375300e+00 6.991300e+00 -2.222000e+01 -4.165800e+00 -1.776000e+00 6.541200e+01 -1.154300e+01 7.811200e+00 1.500900e+01 1.488900e+01 9.584000e+00 -1.181200e+01 -6.124700e+00 1.039600e+01 +1
6.784900e+01 -2.162900e+01 -1.964300e+01 1.763300e+01 6.692700e+00 3.616900e+00 -2.425300e+01 9.904600e+00 4.880400e+00 6.402500e+01 -2.020900e+01 -1.673500e+01 1.947300e+01 6.870400e+00 5.538000e+00 -2.505200e+01 9.246600e+00 6.938100e+00 6.688900e+01 -1.344500e+01 -1.310500e+01 1.554800e+01 1.570500e+01 1.151300e+01 -1.276500e+01 2.020000e+01 1.233800e+01 7.037700e+01 -2.169100e+01 -1.914600e+01 1.496900e+01 5.423200e+00 2.644300e+00 -2.345200e+01 8.786200e+00 4.540200e+00 7.127100e+01 -1.890400e+01 -1.604400e+01 1.075400e+01 7.556300e+00 9.578500e+00 -1.477700e+01 9.298700e+00 1.104500e+01 +1
6.618400e+01 -2.204600e+01 -1.841800e+01 1.646200e+01 5.727700e+00 2.274000e+00 -2.400400e+01 9.127300e+00 3.486800e+00 6.554300e+01 -2.186600e+01 -1.771500e+01 1.696500e+01 6.587500e+00 3.509600e+00 -2.448900e+01 9.859700e+00 5.402600e+00 6.900200e+01 -2.013400e+01 -1.635500e+01 8.211400e+00 9.520300e+00 5.823600e+00 -1.050600e+01 1.565800e+01 8.536400e+00 6.452500e+01 -2.019900e+01 -1.569100e+01 1.744100e+01 7.557500e+00 6.420700e+00 -2.369000e+01 1.008100e+01 8.207100e+00 7.080400e+01 -2.287000e+01 -1.891100e+01 8.067800e+00 2.591300e+00 2.952900e+00 -1.342100e+01 5.106200e+00 -3.378800e+00 +1
7.396200e+01 -6.400000e+00 7.987400e+00 2.216700e+01 8.210100e+00 6.706500e+00 -3.019600e+01 1.041000e+01 -3.794800e+00 6.460000e+01 -6.227500e+00 3.343000e+00 2.289700e+01 5.471400e+00 7.759300e+00 -2.463500e+01 1.521100e+00 2.323000e+00 6.810600e+01 -4.473100e+00 5.284100e+00 1.704100e+01 1.032200e+01 8.276100e+00 -5.816000e+00 1.236700e+01 6.711700e+00 6.880600e+01 1.215900e+01 1.085200e+01 1.659200e+01 2.268700e+01 6.229800e+00 -2.326700e+01 1.558300e+01 -4.608300e+00 6.284100e+01 -8.024600e+00 -2.142600e+00 1.586000e+01 1.202900e+01 9.633600e+00 -1.118200e+01 1.372800e+01 1.112000e+01 +1
6.978000e+01 -1.647700e+01 -9.348900e+00 2.040400e+01 6.021100e+00 3.438800e+00 -2.600800e+01 6.852300e+00 4.502300e+00 7.068900e+01 -1.161000e+01 -6.952100e+00 2.130300e+01 6.935800e+00 4.384500e+00 -2.619700e+01 5.808500e+00 3.540300e+00 8.093100e+01 -8.823200e+00 -4.810300e+00 1.693000e+01 7.350400e+00 4.105100e+00 -1.466300e+01 -4.823600e+00 -2.328900e+00 7.335900e+01 -1.409800e+01 -7.635100e+00 2.004300e+01 6.235200e+00 4.150200e+00 -2.606700e+01 5.020300e+00 5.321900e+00 6.087000e+01 -9.439400e+00 -3.987900e+00 1.636300e+01 5.990900e+00 4.259900e+00 -1.372400e+01 -6.370200e+00 -3.494600e+00 +1
6.984400e+01 -1.025000e+01 -6.729300e+00 2.295300e+01 6.779400e+00 2.774500e+00 -2.726700e+01 -2.193900e+00 2.924700e+00 7.086000e+01 -1.005000e+01 -6.823800e+00 1.967000e+01 4.684900e+00 2.530600e+00 -2.742000e+01 4.141300e+00 1.808900e+00 7.789200e+01 -8.261200e+00 -6.283500e+00 1.086400e+01 6.008400e+00 2.074700e+00 -6.861200e+00 -3.715000e+00 2.355700e+00 5.703200e+01 -1.509200e+01 -7.631800e+00 1.685700e+01 7.613000e+00 3.231200e+00 -1.817400e+01 7.768400e+00 4.181400e+00 6.171500e+01 -1.616900e+01 -8.607500e+00 1.430100e+01 5.903900e+00 2.680200e+00 -1.204600e+01 3.039600e+00 -3.282300e+00 +1
5.975600e+01 -2.108400e+01 -2.024000e+01 1.633200e+01 8.090900e+00 5.233300e+00 -2.096100e+01 1.023600e+01 7.458900e+00 5.875200e+01 -2.351300e+01 -2.165900e+01 1.468900e+01 6.349700e+00 3.983700e+00 -2.169500e+01 9.259300e+00 6.678900e+00 6.638400e+01 -1.934500e+01 -1.687100e+01 8.007400e+00 8.223700e+00 8.434800e+00 1.109800e+01 8.196900e+00 8.269300e+00 5.796400e+01 -1.934400e+01 -1.688000e+01 1.570300e+01 9.870800e+00 9.046200e+00 -2.067900e+01 1.097200e+01 9.867900e+00 6.208500e+01 -2.395400e+01 -2.221200e+01 7.177100e+00 4.535000e+00 4.184300e+00 -1.048200e+01 7.022700e+00 4.818400e+00 +1
8.329400e+01 -1.455500e+01 -1.280600e+01 2.211500e+01 3.974400e+00 2.636300e+00 -3.194600e+01 6.371200e+00 -2.552500e+00 7.639800e+01 -1.383800e+01 -1.350400e+01 2.182800e+01 5.309000e+00 5.188100e+00 -2.884000e+01 6.502300e+00 6.881600e+00 8.037600e+01 -1.309200e+01 -1.169900e+01 1.176100e+01 4.822600e+00 6.041400e+00 -1.211100e+01 5.310500e+00 6.538100e+00 7.498600e+01 -1.428300e+01 -1.332300e+01 2.138700e+01 4.750500e+00 5.830900e+00 -2.768700e+01 5.763100e+00 7.875100e+00 6.319700e+01 -2.036300e+01 -1.736300e+01 8.150000e+00 3.460800e+00 3.995500e+00 -1.224300e+01 4.776600e+00 3.445000e+00 +1
6.759900e+01 -2.252300e+01 -2.132700e+01 1.688800e+01 8.183300e+00 6.299000e+00 -2.365300e+01 1.136800e+01 8.610200e+00 6.884900e+01 -2.294500e+01 -2.117000e+01 1.732200e+01 6.892300e+00 4.252500e+00 -2.564900e+01 1.067600e+01 6.990100e+00 6.907100e+01 -1.746500e+01 -1.331900e+01 1.009500e+01 8.763700e+00 1.053000e+01 -8.189400e+00 7.044600e+00 7.650600e+00 6.909700e+01 -2.265600e+01 -1.964800e+01 1.738600e+01 7.110900e+00 7.332400e+00 -2.513100e+01 1.067600e+01 1.032300e+01 7.257500e+01 -2.298500e+01 -2.094700e+01 9.714400e+00 4.350600e+00 5.928600e+00 -1.415000e+01 6.176600e+00 6.967000e+00 +1
5.401900e+01 -2.020600e+01 5.849800e+00 1.483000e+01 5.399600e+00 3.950200e+00 -1.990600e+01 4.644300e+00 3.779500e+00 6.133900e+01 -1.479800e+01 7.407500e+00 1.777200e+01 6.580200e+00 4.840100e+00 -2.332200e+01 6.077100e+00 -5.090300e+00 6.991700e+01 -1.221300e+01 7.065900e+00 9.607100e+00 5.795200e+00 5.480600e+00 6.181900e+00 3.926900e+00 -4.247800e+00 5.962500e+01 -1.346300e+01 7.666300e+00 1.649000e+01 6.804200e+00 4.983700e+00 -2.115500e+01 7.179700e+00 -4.637500e+00 6.683500e+01 -1.399200e+01 9.397700e+00 1.220600e+01 6.672100e+00 4.105400e+00 -1.808400e+01 -8.854500e+00 4.360800e+00 +1
5.733100e+01 -1.248900e+01 7.070700e+00 1.651400e+01 4.506100e+00 4.164200e+00 -2.171600e+01 -5.214600e+00 1.907300e+00 6.287600e+01 -1.067800e+01 5.492600e+00 1.834400e+01 6.137800e+00 5.295700e+00 -2.348100e+01 4.424700e+00 -4.527300e+00 6.605600e+01 -8.094700e+00 3.403100e+00 1.374500e+01 4.677500e+00 4.171600e+00 1.332800e+01 -2.795500e+00 5.269200e+00 6.266000e+01 -1.127300e+01 5.958800e+00 1.847900e+01 5.108300e+00 5.025500e+00 -1.994900e+01 5.200500e+00 -3.491700e+00 7.556100e+01 -1.180300e+01 9.167200e+00 1.480500e+01 9.655700e+00 6.744800e+00 -1.942400e+01 -1.276500e+01 7.836200e+00 +1
5.615600e+01 -1.174800e+01 5.604700e+00 1.603100e+01 5.828500e+00 3.389800e+00 -2.114200e+01 5.613900e+00 -3.510900e+00 5.801200e+01 -7.462100e+00 4.647500e+00 1.124800e+01 7.599900e+00 4.430300e+00 -1.568500e+01 -1.062200e+01 5.999800e+00 6.601300e+01 -7.037200e+00 2.150800e+00 1.144800e+01 4.906400e+00 5.318200e+00 8.451300e+00 -5.219300e+00 4.669000e+00 5.389800e+01 -1.333100e+01 5.683700e+00 1.579100e+01 6.718600e+00 4.524700e+00 -2.077800e+01 -2.888900e+00 -4.225500e+00 5.267400e+01 -6.804400e+00 1.241500e+00 1.506500e+01 4.406800e+00 3.649200e+00 -1.794400e+01 1.835900e+00 -2.497800e+00 +1
5.224000e+01 -1.576600e+01 4.347200e+00 1.464200e+01 5.782800e+00 4.182800e+00 -1.993500e+01 -3.350200e+00 3.315500e+00 5.451900e+01 -1.338100e+01 2.974800e+00 1.867400e+01 8.653600e+00 6.388600e+00 -1.980300e+01 6.862300e+00 -6.127000e+00 6.889700e+01 -1.433200e+01 5.840300e+00 1.129100e+01 7.205800e+00 5.662700e+00 1.046500e+01 4.195000e+00 -4.030000e+00 4.970900e+01 -12 1.310100e-02 1.342600e+01 7.038400e+00 5.714900e+00 -1.588800e+01 4.156200e+00 -3.042300e+00 5.681200e+01 -1.625300e+01 3.395600e+00 1.165300e+01 8.306800e+00 6.717100e+00 -1.347900e+01 -1.096800e+01 8.372500e+00 +1
7.255800e+01 -2.250200e+01 -2.278300e+01 1.742100e+01 7.350000e+00 3.072400e+00 -2.549600e+01 1.157800e+01 2.839600e+00 7.315100e+01 -2.122000e+01 -2.005100e+01 1.851500e+01 6.646300e+00 3.814000e+00 -2.743600e+01 1.015900e+01 5.979900e+00 7.171500e+01 -1.872700e+01 -1.511700e+01 1.266800e+01 6.249900e+00 8.662100e+00 -1.196800e+01 6.557600e+00 8.362800e+00 7.041900e+01 -1.963500e+01 -1.666300e+01 1.890100e+01 7.409300e+00 7.537700e+00 -2.560600e+01 1.017000e+01 9.323100e+00 7.574900e+01 -2.017500e+01 -1.802300e+01 1.213500e+01 3.061900e+00 3.926500e+00 -1.808800e+01 4.186100e+00 5.140000e+00 +1
5.399100e+01 -2.098100e+01 8.682300e+00 1.554400e+01 6.728700e+00 4.496200e+00 -1.935700e+01 6.611300e+00 -3.848900e+00 5.195600e+01 -1.553600e+01 5.233100e+00 1.465400e+01 7.890500e+00 4.635700e+00 -1.950800e+01 6.546700e+00 -5.018500e+00 6.584400e+01 -1.040500e+01 4.877000e+00 1.315500e+01 8.478300e+00 5.929500e+00 1.181100e+01 -6.096200e+00 2.510700e+00 5.095300e+01 -1.383400e+01 4.973800e+00 1.354100e+01 7.482600e+00 4.028700e+00 -1.746000e+01 6.014800e+00 -4.280600e+00 5.473600e+01 -1.174200e+01 3.534900e+00 1.159200e+01 8.764700e+00 7.227900e+00 -1.281700e+01 -1.222500e+01 7.772900e+00 +1
5.349200e+01 -6.284000e+00 -4.095700e+00 1.844900e+01 3.613000e+00 4.869300e+00 -2.026800e+01 3.518200e+00 7.139400e-01 5.362100e+01 -5.606700e+00 -3.418400e+00 1.599700e+01 2.884800e+00 2.777900e+00 -2.030100e+01 3.490600e+00 -3.181800e+00 6.575600e+01 -4.204600e+00 -1.642100e+00 1.226200e+01 3.175600e+00 4.186100e+00 1.216500e+01 3.062200e+00 5.888100e+00 5.244900e+01 -5.849000e+00 -3.283900e+00 1.562100e+01 3.597200e+00 3.902800e+00 -1.757800e+01 3.838700e+00 2.534600e+00 6.335200e+01 -8.145300e+00 1.927400e+00 1.336500e+01 7.195400e+00 5.253000e+00 -1.735900e+01 -1.044300e+01 6.064700e+00 +1
5.624100e+01 -1.546600e+01 5.157600e+00 1.736400e+01 5.478000e+00 4.314200e+00 -2.001700e+01 -3.378600e+00 2.926000e+00 6.039200e+01 -1.406700e+01 6.756400e+00 1.758100e+01 5.510200e+00 5.024700e+00 -2.317300e+01 6.851300e+00 -5.308800e+00 7.163000e+01 -1.019300e+01 5.919800e+00 1.018200e+01 4.948800e+00 5.848700e+00 7.478900e+00 1.980400e+00 2.977900e+00 5.950400e+01 -1.117300e+01 6.002300e+00 1.581900e+01 5.807100e+00 4.210700e+00 -2.135200e+01 5.049500e+00 -4.983500e+00 6.347000e+01 -1.537700e+01 8.370600e+00 1.149000e+01 8.905400e+00 6.452800e+00 -1.484000e+01 -1.309300e+01 8.249600e+00 +1
6.650900e+01 -2.198600e+01 -1.740500e+01 1.625200e+01 6.362400e+00 3.450000e+00 -2.365100e+01 9.795500e+00 4.813300e+00 6.723400e+01 -2.162000e+01 -1.614800e+01 1.698300e+01 5.780200e+00 3.667000e+00 -2.516600e+01 8.876400e+00 5.957400e+00 7.301800e+01 -2.014900e+01 -1.393200e+01 4.661200e+00 6.779400e+00 6.952900e+00 -4.154200e+00 8.815600e+00 9.061700e+00 6.578300e+01 -2.062300e+01 -1.445200e+01 1.718300e+01 6.176500e+00 5.562100e+00 -2.421200e+01 8.581100e+00 7.621300e+00 7.170400e+01 -2.201200e+01 -1.612500e+01 8.716100e+00 2.518400e+00 2.899800e+00 -1.438900e+01 5.187100e+00 -3.524300e+00 +1
5.716500e+01 -2.269400e+01 1.252700e+01 1.541400e+01 5.812100e+00 4.263200e+00 -2.059200e+01 -4.629000e+00 -7.219800e-01 5.574600e+01 -1.479600e+01 5.804200e+00 1.659800e+01 7.127600e+00 4.954300e+00 -2.067900e+01 6.153500e+00 -4.662000e+00 6.963100e+01 -1.008500e+01 5.741900e+00 1.322000e+01 7.754800e+00 5.929600e+00 1.044600e+01 -6.025100e+00 5.153700e+00 5.844300e+01 -1.396000e+01 6.162700e+00 1.682700e+01 8.603700e+00 4.908700e+00 -1.955300e+01 5.852200e+00 -3.791800e+00 6.462100e+01 -1.155700e+01 6.391400e+00 1.247800e+01 7.664300e+00 4.582500e+00 -1.726800e+01 -1.080300e+01 6.769900e+00 +1
5.992500e+01 -1.540000e+01 -5.331100e+00 1.616700e+01 4.167100e+00 1.692200e+00 -2.303300e+01 5.841300e+00 1.551000e+00 6.215500e+01 -1.317400e+01 -4.777800e+00 1.732300e+01 4.650700e+00 2.940000e+00 -2.379000e+01 6.139500e+00 -2.000300e+00 6.743400e+01 -1.429100e+01 -4.480300e+00 5.889900e+00 3.449300e+00 1.920600e+00 -6.548800e+00 3.430600e+00 2.345200e+00 6.015600e+01 -1.346000e+01 -4.302700e+00 1.590800e+01 5.593400e+00 2.531900e+00 -2.182900e+01 7.391400e+00 3.257300e+00 7.453800e+01 -1.252100e+01 -6.131500e+00 1.259000e+01 4.664400e+00 2.827900e+00 -1.812700e+01 -3.987000e+00 -4.806800e+00 +1
5.591800e+01 -1.695400e+01 -1.022100e+01 2.113900e+01 1.459700e+01 6.704400e+00 -1.544100e+01 7.331500e+00 5.106600e+00 4.722600e+01 -2.722100e+01 -1.352400e+01 1.622900e+01 1.323100e+01 6.159100e+00 -1.013400e+01 1.405700e+01 7.187200e+00 7.496300e+01 -9.180800e+00 -5.884400e+00 2.045200e+01 1.237200e+01 5.729500e+00 6.041300e+00 -1.168900e+01 -4.721300e+00 5.578000e+01 -1.877400e+01 -1.029700e+01 2.222100e+01 1.247600e+01 5.999500e+00 1.740100e+01 9.794600e+00 5.381300e+00 4.862100e+01 -2.571300e+01 -1.338100e+01 9.115200e+00 8.819500e+00 4.272800e+00 1.179500e+01 9.988600e+00 4.971800e+00 +1
5.464400e+01 -1.598600e+01 -7.899500e+00 1.553700e+01 4.425700e+00 2.475200e+00 -2.022400e+01 5.345700e+00 3.055200e+00 5.993300e+01 -1.609600e+01 -7.611600e+00 1.640900e+01 4.948400e+00 2.473700e+00 -2.240100e+01 6.795900e+00 2.843400e+00 7.008000e+01 -1.229100e+01 -6.042300e+00 1.234600e+01 5.685300e+00 2.402300e+00 1.302400e+01 5.453700e+00 2.507900e+00 5.748700e+01 -1.443200e+01 -6.689900e+00 1.656800e+01 6.125000e+00 3.454200e+00 -1.930500e+01 7.081100e+00 4.288000e+00 7.487300e+01 -1.343500e+01 -6.158100e+00 1.670000e+01 6.644000e+00 3.170500e+00 -1.505600e+01 3.852500e+00 -2.781400e+00 +1
5.284500e+01 -3.017700e+01 -1.968000e+01 1.308600e+01 8.534200e+00 2.404400e+00 -1.895300e+01 1.216300e+01 4.189400e+00 5.999000e+01 -1.757800e+01 -1.088300e+01 1.887800e+01 1.605700e+01 9.764000e+00 -1.987400e+01 8.906400e+00 7.161500e+00 6.826500e+01 -1.554000e+01 -1.045300e+01 1.476600e+01 1.485300e+01 8.878400e+00 1.463000e+01 8.216800e+00 6.362900e+00 5.252600e+01 -2.674000e+01 -1.522200e+01 1.431200e+01 1.332900e+01 8.650900e+00 -1.816700e+01 1.507200e+01 1.015500e+01 7.392400e+01 1.300100e+00 2.598200e+00 1.726700e+01 9.438000e+00 6.893200e+00 -2.172600e+01 -4.626000e+00 4.317400e+00 +1
6.842500e+01 -2.756800e+00 2.115700e+00 2.309900e+01 5.067500e+00 3.839400e+00 -2.576000e+01 5.097700e+00 9.024700e-01 5.259800e+01 -5.686800e+00 -3.946300e+00 2.109600e+01 3.925900e+00 4.237300e+00 -1.364000e+01 4.061000e+00 2.744800e+00 7.254300e+01 -3.239700e+00 -5.953000e-01 1.407500e+01 3.371400e+00 3.908700e+00 4.020300e+00 2.904500e+00 2.792700e+00 6.394500e+01 -2.848700e+00 -3.989300e-01 2.483900e+01 3.491100e+00 4.144400e+00 -2.015700e+01 -1.482500e+00 -2.957800e+00 5.376700e+01 -4.966400e+00 -2.233400e+00 1.646600e+01 5.152900e+00 4.211000e+00 -9.187900e+00 5.471100e+00 2.916000e+00 +1
5.353200e+01 -1.353300e+01 -9.174200e+00 1.740400e+01 1.090200e+01 9.545200e+00 -1.969600e+01 -6.444700e+00 2.199700e+00 6.510000e+01 -2.560500e+00 2.460800e-01 1.954600e+01 4.171400e+00 3.646800e+00 -2.472400e+01 5.216200e+00 -1.399800e+00 7.035300e+01 -2.672300e+00 -1.877200e-01 9.919800e+00 3.828700e+00 3.451800e+00 -5.215800e+00 3.671600e+00 2.279000e+00 5.618000e+01 -7.334800e+00 -2.914200e+00 1.859700e+01 9.745000e+00 8.416700e+00 -1.769100e+01 -1.065000e+01 -8.585300e+00 6.686800e+01 -2.177900e+00 3.482200e+00 1.402100e+01 5.649900e+00 3.817200e+00 -1.965700e+01 -1.738600e+00 4.613300e+00 +1
6.249000e+01 -1.354600e+01 -7.293100e+00 1.676800e+01 3.643400e+00 1.935500e+00 -2.380200e+01 5.081900e+00 -1.373000e+00 6.177600e+01 -1.314600e+01 -6.686000e+00 1.646000e+01 3.389400e+00 2.694500e+00 -2.354300e+01 4.868100e+00 3.213300e+00 6.815100e+01 -1.256100e+01 -6.439500e+00 7.197300e+00 3.654100e+00 1.504700e+00 9.473000e+00 4.510300e+00 1.878200e+00 5.986800e+01 -1.202100e+01 -5.816300e+00 1.579300e+01 4.575500e+00 2.951900e+00 -2.184700e+01 6.113300e+00 3.935600e+00 6.316900e+01 -1.374800e+01 -6.843500e+00 1.019700e+01 2.664100e+00 1.607400e+00 -1.590600e+01 -3.054200e+00 -1.863000e+00 +1
6.595500e+01 -1.755400e+01 1.236300e+01 1.963700e+01 7.434700e+00 7.055900e+00 -2.383300e+01 6.640600e+00 -9.047400e+00 7.517000e+01 -6.653500e+00 4.774600e+00 2.408800e+01 8.513300e+00 7.214300e+00 -2.823000e+01 -6.441500e+00 4.511700e+00 7.188500e+01 -1.281600e+01 8.407800e+00 1.281100e+01 8.048500e+00 7.601400e+00 1.283400e+01 7.140300e+00 -6.526900e+00 6.052100e+01 -1.644800e+01 1.239600e+01 1.665300e+01 6.503000e+00 5.565200e+00 -2.156800e+01 8.035900e+00 -6.933200e+00 7.306600e+01 -5.435100e+00 4.653200e+00 2.051800e+01 9.903100e+00 6.427200e+00 -1.886800e+01 -7.161000e+00 -3.122000e+00 +1
5.772400e+01 -1.310000e+01 -6.656500e+00 1.786200e+01 6.188700e+00 2.228500e+00 -2.129600e+01 7.640200e+00 -2.565200e+00 5.838300e+01 -1.561200e+01 -6.046900e+00 1.097100e+01 4.472200e+00 1.628000e+00 -1.246600e+01 -3.613700e+00 -2.238200e+00 7.369700e+01 -9.013800e+00 -5.139300e+00 1.076700e+01 5.368000e+00 1.855500e+00 1.022300e+01 3.710000e+00 2.006400e+00 6.951300e+01 -8.630600e+00 -7.083500e+00 2.088900e+01 5.456500e+00 3.359000e+00 -2.654700e+01 3.081400e+00 -4.515800e+00 6.733000e+01 -9.203000e+00 -5.344300e+00 1.980600e+01 5.098000e+00 2.927400e+00 -2.406400e+01 4.430200e+00 3.851700e+00 +1
6.237200e+01 -1.775500e+01 -8.843000e+00 1.683600e+01 5.278800e+00 2.381800e+00 -2.234200e+01 7.175500e+00 -1.138300e+00 6.133700e+01 -9.887300e+00 -6.942400e-01 1.940100e+01 6.944200e+00 6.852000e+00 -2.376000e+01 4.858500e+00 5.973000e+00 7.081500e+01 -1.372300e+01 -6.950800e+00 7.123400e+00 5.932800e+00 3.447200e+00 2.296100e+00 6.088400e+00 3.708400e+00 6.904400e+01 -1.519100e+01 -8.197900e+00 1.596000e+01 5.157700e+00 2.209200e+00 -2.268100e+01 6.944300e+00 2.382200e+00 7.105700e+01 -7.164600e+00 9.595300e-01 1.704200e+01 8.539600e+00 6.563300e+00 -2.109700e+01 -9.635700e+00 6.736600e+00 +1
6.525400e+01 -1.843100e+01 -1.596000e+01 1.699700e+01 4.477600e+00 2.492000e+00 -2.435500e+01 7.045800e+00 3.874300e+00 6.525000e+01 -1.730800e+01 -1.490500e+01 1.671400e+01 4.876700e+00 3.292300e+00 -2.459600e+01 7.477400e+00 5.139600e+00 7.316200e+01 -1.673000e+01 -1.445100e+01 3.507800e+00 3.551100e+00 3.417900e+00 -3.839600e+00 4.599900e+00 4.433200e+00 6.518300e+01 -1.619700e+01 -1.323600e+01 1.625900e+01 5.369700e+00 4.445900e+00 -2.346400e+01 7.863700e+00 6.161900e+00 7.051600e+01 -1.552400e+01 -1.365800e+01 9.731400e+00 2.462100e+00 3.376400e+00 -1.584800e+01 3.221600e+00 -4.785900e+00 +1
6.150600e+01 -1.197400e+01 -6.879900e+00 1.632800e+01 3.002000e+00 1.928700e+00 -2.348700e+01 3.947400e+00 -1.579100e+00 5.981600e+01 -1.130700e+01 -6.715200e+00 1.592600e+01 3.282000e+00 2.056900e+00 -2.325200e+01 4.921700e+00 -1.466800e+00 7.003700e+01 -1.042700e+01 -6.151500e+00 8.310000e+00 3.559800e+00 1.749700e+00 1.098800e+01 4.309900e+00 2.144300e+00 5.838200e+01 -1.119000e+01 -5.658200e+00 1.549900e+01 3.920600e+00 3.066700e+00 -2.150600e+01 5.142200e+00 4.127800e+00 6.009000e+01 -1.360800e+01 -7.151200e+00 9.131400e+00 3.084600e+00 1.712300e+00 -1.385100e+01 -3.175000e+00 -2.295800e+00 +1
5.521500e+01 -1.045300e+01 -3.538200e+00 1.664700e+01 3.368200e+00 2.522900e+00 -2.118000e+01 4.065400e+00 -2.855200e+00 6.896500e+01 -8.204800e+00 -3.662000e+00 2.050900e+01 4.323500e+00 3.268400e+00 -2.651700e+01 5.149600e+00 1.994900e+00 7.282000e+01 -2.813400e+00 -3.331700e-01 1.317600e+01 9.225300e+00 6.090100e+00 -9.059200e+00 1.064700e+01 6.554400e+00 6.815100e+01 -7.379100e+00 -2.957200e+00 2.021900e+01 5.324900e+00 3.522200e+00 -2.295100e+01 6.326300e+00 3.599500e+00 6.055300e+01 -6.880400e+00 -8.511900e-01 1.458000e+01 8.568000e+00 5.053800e+00 -1.469900e+01 -5.342700e+00 5.614000e+00 +1
4.978800e+01 -7.974000e+00 -5.849400e+00 1.655900e+01 3.703100e+00 3.588300e+00 -1.865600e+01 4.174600e+00 -4.180500e+00 5.769900e+01 -4.998400e+00 -1.903700e+00 1.790900e+01 1.077900e+01 5.966600e+00 -2.111200e+01 1.226000e+01 5.697700e+00 6.659600e+01 4.025100e+00 4.925300e+00 1.360000e+01 1.428500e+01 1.091500e+01 9.737900e+00 1.157400e+01 1.037900e+01 5.490400e+01 -7.841600e+00 -2.700100e+00 1.466200e+01 6.153100e+00 3.605100e+00 -1.906000e+01 9.101700e+00 5.114800e+00 5.580300e+01 -6.220800e+00 -1.941500e+00 1.154200e+01 1.020100e+01 5.555700e+00 -1.361500e+01 1.202400e+01 6.657900e+00 +1
5.128800e+01 -1.390600e+01 -2.606700e+00 1.414500e+01 6.787500e+00 5.044200e+00 -1.922900e+01 -4.028300e+00 4.135500e+00 5.490000e+01 -1.257200e+01 -3.888000e+00 1.618000e+01 8.246600e+00 5.284200e+00 -2.020700e+01 7.914300e+00 5.782800e+00 6.629500e+01 -4.373700e+00 3.368100e+00 1.152300e+01 1.269500e+01 1.008600e+01 8.789000e+00 8.576200e+00 9.352200e+00 5.136800e+01 -1.749500e+01 -1.407700e-01 1.367500e+01 9.887100e+00 6.158600e+00 -1.782100e+01 7.620300e+00 -2.683200e+00 5.592300e+01 -1.932300e+01 4.518400e-01 8.515300e+00 8.203800e+00 7.564000e+00 -1.238900e+01 -1.009500e+01 9.181300e+00 +1
5.691200e+01 -9.427300e+00 -7.409900e+00 1.690400e+01 1.089600e+01 5.801000e+00 -2.194700e+01 1.503800e+01 7.417200e+00 5.264900e+01 -1.288000e+01 -7.378300e+00 1.533400e+01 5.328400e+00 3.242200e+00 -1.964800e+01 6.816500e+00 3.382700e+00 6.930000e+01 7.026000e+00 5.136400e+00 1.300300e+01 1.682500e+01 1.228200e+01 -8.368000e+00 1.009100e+01 7.507000e+00 4.773900e+01 -1.154300e+01 -6.683900e+00 1.228400e+01 6.814500e+00 3.959100e+00 -1.578200e+01 8.952800e+00 5.252700e+00 4.978600e+01 -1.230900e+01 -3.841000e+00 9.888500e+00 1.190000e+01 6.522600e+00 -9.087800e+00 9.458500e+00 7.991600e+00 +1
5.307200e+01 -7.044900e+00 -4.360900e+00 1.628800e+01 7.333300e+00 4.370700e+00 -2.014800e+01 1.118000e+01 5.468400e+00 5.443800e+01 -6.617700e+00 -4.384600e+00 1.664000e+01 7.094400e+00 3.819700e+00 -2.099700e+01 1.133000e+01 5.357400e+00 6.010900e+01 7.202300e+00 6.995300e+00 1.289200e+01 1.508800e+01 1.251500e+01 1.075000e+01 1.238500e+01 1.210200e+01 5.663500e+01 -9.106100e+00 -3.718800e+00 1.460900e+01 2.765100e+00 1.843100e+00 -1.951200e+01 3.459200e+00 2.252200e+00 5.361600e+01 -7.560000e+00 -4.721800e+00 1.312900e+01 6.035200e+00 3.129200e+00 -1.334900e+01 8.645100e+00 3.623000e+00 +1
5.462800e+01 -1.124100e+01 2.775100e-01 1.638300e+01 6.099500e+00 5.549500e+00 -2.128500e+01 -6.035000e+00 6.371900e+00 5.859300e+01 -7.507600e+00 -1.637600e+00 1.824800e+01 5.022600e+00 4.650900e+00 -2.151300e+01 6.991800e+00 5.171900e+00 6.612000e+01 -1.002200e+01 5.008000e+00 7.162600e+00 8.902200e+00 6.163500e+00 5.588400e+00 8.604600e+00 6.719700e+00 5.353900e+01 -9.667300e+00 1.377900e+00 1.512000e+01 7.511800e+00 4.406500e+00 -1.837200e+01 8.367600e+00 3.672500e+00 6.029000e+01 -9.311800e+00 -3.787300e+00 1.583700e+01 3.680400e+00 4.709100e+00 -1.168000e+01 -4.887600e+00 -4.962800e+00 +1
5.630600e+01 -8.179500e+00 -3.622700e+00 1.765200e+01 3.255100e+00 2.631500e+00 -2.178100e+01 3.727800e+00 -3.391000e+00 5.642800e+01 -8.200700e+00 -3.356000e+00 1.907300e+01 3.552600e+00 2.286200e+00 -1.965700e+01 4.197100e+00 -2.017400e+00 7.461200e+01 -4.894300e+00 -3.104500e+00 1.510800e+01 3.899600e+00 2.212800e+00 8.077200e+00 2.108500e+00 1.864700e+00 6.991300e+01 -4.116500e+00 -2.663200e+00 1.769100e+01 4.039300e+00 2.045000e+00 -2.436600e+01 3.530300e+00 -2.340300e+00 6.703300e+01 -7.437000e+00 -4.074500e+00 1.412300e+01 4.064100e+00 2.978300e+00 -1.706600e+01 -5.782300e+00 -2.810700e+00 +1
6.889800e+01 -1.116600e+01 -7.606700e+00 1.869300e+01 3.518500e+00 2.072900e+00 -2.664800e+01 4.385300e+00 -2.490200e+00 6.724400e+01 -1.137300e+01 -6.638900e+00 1.940800e+01 3.782400e+00 2.708000e+00 -2.638100e+01 4.962900e+00 3.317100e+00 7.397500e+01 -1.047400e+01 -5.957000e+00 7.462300e+00 3.006300e+00 2.385400e+00 4.353800e+00 3.529000e+00 2.734100e+00 6.996700e+01 -1.115900e+01 -6.985300e+00 1.543300e+01 2.441700e+00 2.045200e+00 -2.375300e+01 3.949600e+00 2.547300e+00 7.092700e+01 -1.346700e+01 -7.675900e+00 1.019100e+01 2.711000e+00 2.120500e+00 -1.655300e+01 -3.694900e+00 -3.381400e+00 +1
6.043200e+01 -9.819400e+00 -8.639100e-01 1.954100e+01 5.658600e+00 3.813400e+00 -2.239200e+01 -5.185400e+00 2.493500e+00 6.881700e+01 -4.683100e+00 -2.141000e+00 2.234300e+01 3.497100e+00 2.549500e+00 -2.664100e+01 -6.554200e-01 -2.238900e+00 6.763600e+01 -5.094300e+00 -1.644000e+00 1.071000e+01 3.873800e+00 3.419700e+00 4.176600e+00 4.114900e+00 4.446000e+00 6.329100e+01 -5.531000e+00 -2.150000e+00 1.922100e+01 2.967100e+00 2.087400e+00 -2.180200e+01 2.792100e+00 2.385300e+00 6.537000e+01 -7.104800e+00 -1.845700e+00 1.464300e+01 3.983200e+00 2.200900e+00 -1.938200e+01 -6.417100e+00 3.277700e+00 +1
4.574000e+01 -1.049500e+01 -6.098800e+00 1.352700e+01 3.829900e+00 3.016300e+00 -1.754800e+01 5.009500e+00 -2.738000e+00 5.498200e+01 -1.152300e+01 -7.332800e+00 1.884400e+01 6.193000e+00 3.496300e+00 -1.875200e+01 -1.649400e+00 -2.329900e+00 7.271100e+01 -7.570200e+00 -5.089500e+00 1.609900e+01 4.248900e+00 3.571500e+00 -9.468100e+00 3.039900e+00 3.611000e+00 5.857000e+01 -1.365300e+01 -7.189100e+00 2.109800e+01 8.224900e+00 5.382300e+00 -1.488400e+01 6.470800e+00 6.400200e+00 7.055800e+01 -7.196100e+00 -2.142900e-01 2.003100e+01 9.551400e+00 6.976100e+00 -1.686800e+01 -8.872900e+00 7.337200e+00 +1
6.648500e+01 -1.168700e+01 -1.153400e+01 1.748700e+01 3.756000e+00 3.975800e+00 -2.515000e+01 5.919900e+00 -3.511600e+00 6.133000e+01 -1.159000e+01 1.532800e+00 1.759900e+01 5.622500e+00 6.104200e+00 -2.411700e+01 4.910500e+00 -4.642900e+00 6.767400e+01 -1.042400e+01 1.664000e+00 8.197200e+00 5.406700e+00 4.713400e+00 1.009900e+01 3.796200e+00 1.841500e+00 6.214800e+01 -1.136500e+01 1.919000e-01 1.473300e+01 6.022200e+00 7.185200e+00 -2.072500e+01 4.489400e+00 -3.903000e+00 6.408400e+01 -8.689700e+00 3.397400e+00 1.277800e+01 7.938900e+00 5.560700e+00 -1.750700e+01 -1.042000e+01 6.379400e+00 +1
6.059000e+01 -2.101500e+01 -1.739800e+01 1.543000e+01 6.579300e+00 3.295900e+00 -2.280200e+01 1.005300e+01 5.393600e+00 6.402100e+01 -2.197400e+01 -1.743000e+01 8.104400e+00 3.385400e+00 3.413800e+00 -1.276700e+01 5.366000e+00 -2.413700e+00 6.954500e+01 -1.940900e+01 -1.530900e+01 8.288100e+00 5.809500e+00 4.885100e+00 1.016300e+01 6.901100e+00 5.790700e+00 6.176300e+01 -2.062400e+01 -1.750400e+01 1.570600e+01 6.417300e+00 3.111300e+00 -2.231700e+01 9.647400e+00 3.646400e+00 6.026500e+01 -1.634600e+01 -1.295700e+01 1.742400e+01 7.711100e+00 6.147600e+00 -2.245900e+01 8.765400e+00 7.723300e+00 +1
6.624200e+01 -1.093800e+01 -9.065500e+00 2.073200e+01 4.099800e+00 4.463500e+00 -2.337500e+01 5.768000e+00 -5.721400e+00 6.336200e+01 -9.698100e+00 -6.856100e+00 2.007800e+01 4.745800e+00 3.989600e+00 -2.456000e+01 4.377900e+00 3.296500e+00 7.044800e+01 -9.387800e+00 -6.390700e+00 8.659400e+00 4.350100e+00 3.626300e+00 -2.604300e+00 3.280700e+00 2.021700e+00 6.867500e+01 -8.940100e+00 -6.825500e+00 1.747900e+01 4.643400e+00 4.283400e+00 -2.320900e+01 5.002800e+00 2.131700e+00 6.303000e+01 -6.262900e+00 -4.189800e+00 1.729000e+01 4.032700e+00 4.180300e+00 -1.640500e+01 -3.302300e+00 -6.336200e+00 +1
6.884600e+01 -7.595800e+00 2.471400e+00 2.093900e+01 3.865300e+00 2.720400e+00 -2.714500e+01 -4.555300e+00 3.186400e+00 6.954600e+01 -6.765200e+00 1.752900e+00 2.102600e+01 3.275200e+00 1.865200e+00 -2.684000e+01 2.941200e+00 -2.353900e+00 7.428800e+01 -6.611700e+00 2.180100e+00 1.275800e+01 2.028100e+00 2.296500e+00 -1.016900e+01 2.032700e+00 2.452000e+00 6.956600e+01 -5.917700e+00 2.710500e+00 1.978500e+01 2.792600e+00 2.055200e+00 -2.489100e+01 3.939500e+00 1.079900e+00 7.198500e+01 -6.641000e+00 3.983200e+00 1.640600e+01 5.670200e+00 3.709500e+00 -2.090300e+01 -9.378900e+00 5.426600e+00 +1
5.191700e+01 -1.454100e+01 -1.221800e+00 1.704900e+01 8.949500e+00 6.656500e+00 -1.533000e+01 6.426200e+00 -6.506000e+00 5.066000e+01 -1.015200e+01 -1.899600e+00 1.359200e+01 6.727400e+00 4.871800e+00 -9.657300e+00 -8.519800e+00 5.465400e+00 6.245000e+01 -8.231100e+00 -7.928100e-01 1.695300e+01 5.757300e+00 4.076500e+00 1.610000e+01 -5.223600e+00 2.419500e+00 4.788700e+01 -1.399800e+01 2.582000e+00 1.472600e+01 7.683100e+00 5.272600e+00 -1.739400e+01 -2.283600e+00 -5.060800e+00 4.677000e+01 -5.535400e+00 -1.323700e+00 1.426500e+01 4.461200e+00 3.798000e+00 -1.422200e+01 -4.888700e+00 -2.429900e+00 +1
5.126300e+01 -1.901900e+01 4.260200e+00 1.546800e+01 7.944800e+00 5.503500e+00 -1.775100e+01 8.753700e+00 -6.058800e+00 5.304100e+01 -1.113300e+01 1.745100e+00 1.454700e+01 8.733700e+00 4.917800e+00 -1.053000e+01 -9.443900e+00 5.844600e+00 6.414200e+01 -1.084500e+01 2.021600e+00 1.488500e+01 7.135200e+00 5.511300e+00 1.464900e+01 -4.972300e+00 -2.354200e+00 5.069400e+01 -1.581000e+01 4.297800e+00 1.603400e+01 8.622400e+00 4.957500e+00 -1.851000e+01 2.314700e+00 -4.121800e+00 5.132500e+01 -4.486600e+00 -2.452500e+00 1.665000e+01 3.786800e+00 4.667800e+00 -1.507300e+01 -3.856800e+00 -3.299600e+00 +1
6.348800e+01 -1.304700e+01 1.012700e+01 1.773900e+01 4.820500e+00 3.869800e+00 -2.457200e+01 -5.949700e+00 -2.992700e+00 5.982700e+01 -1.237900e+01 9.213300e+00 1.763800e+01 6.696700e+00 5.811800e+00 -2.252500e+01 5.954000e+00 -5.659200e+00 7.229500e+01 -6.411200e+00 9.675300e+00 1.154700e+01 7.208300e+00 6.662100e+00 3.592900e+00 4.327600e+00 1.616700e+00 6.020500e+01 -9.501400e+00 7.594800e+00 1.639000e+01 4.195700e+00 5.452100e+00 -2.152500e+01 5.228700e+00 -4.966900e+00 5.900800e+01 -1.084400e+01 8.264700e+00 1.311700e+01 8.830600e+00 7.342200e+00 -1.326300e+01 -1.061300e+01 7.004900e+00 +1
4.940400e+01 -1.068300e+01 -3.369800e+00 1.494000e+01 3.934100e+00 2.704100e+00 -1.964100e+01 5.025400e+00 1.804000e+00 5.289800e+01 -9.985700e+00 -3.588900e+00 1.702600e+01 4.859500e+00 3.987000e+00 -1.885500e+01 5.058400e+00 -2.504100e+00 6.286500e+01 -7.535400e+00 -1.012800e+00 1.278000e+01 4.249000e+00 3.918000e+00 1.198100e+01 2.750200e+00 7.905700e-01 5.660500e+01 -7.446900e+00 -1.928300e+00 1.980600e+01 4.782700e+00 4.019500e+00 -1.407400e+01 3.538300e+00 -2.181900e+00 6.283800e+01 -1.163200e+01 4.837400e+00 1.348600e+01 9.608100e+00 8.294300e+00 -1.347200e+01 -1.419500e+01 1.049300e+01 +1
6.431900e+01 -1.806500e+01 -1.350900e+01 1.684000e+01 1.081800e+01 1.200300e+01 -2.403500e+01 1.044300e+01 1.248700e+01 6.436800e+01 -2.397000e+01 -2.026400e+01 1.611400e+01 7.857600e+00 5.351900e+00 -2.379600e+01 1.100200e+01 8.140600e+00 6.999400e+01 -1.564900e+01 -1.032500e+01 4.197800e+00 1.237900e+01 1.384300e+01 4.516600e+00 1.007100e+01 1.123700e+01 6.430600e+01 -1.991400e+01 -1.485400e+01 1.670700e+01 1.017800e+01 1.033300e+01 -2.351300e+01 1.084900e+01 1.119400e+01 6.808200e+01 -2.591000e+01 -2.222500e+01 7.231800e+00 2.963800e+00 2.862100e+00 -1.208600e+01 4.780500e+00 -3.534900e+00 +1
63 -6.449800e+00 3.019200e+00 1.835200e+01 4.307100e+00 2.616000e+00 -2.515200e+01 -4.484100e+00 2.358900e+00 6.146900e+01 -9.227600e+00 5.032500e+00 1.925700e+01 6.465200e+00 5.913600e+00 -2.256700e+01 4.317100e+00 -3.742600e+00 6.995200e+01 -8.728700e+00 4.973700e+00 1.165400e+01 6.436500e+00 6.235100e+00 -7.552500e+00 5.838000e+00 -3.564700e+00 6.208000e+01 -1.092600e+01 5.936100e+00 1.710400e+01 5.666600e+00 4.744900e+00 -2.205900e+01 2.045200e+00 4.001900e+00 6.269200e+01 -1.405300e+01 7.842300e+00 1.354400e+01 8.396600e+00 5.833600e+00 -1.446600e+01 -1.153500e+01 7.387100e+00 +1
5.886100e+01 -7.224600e+00 -1.058100e+00 1.730600e+01 2.524400e+00 2.432400e+00 -2.382900e+01 2.151000e+00 -2.491700e+00 6.281900e+01 -1.334300e+01 7.400600e+00 1.731100e+01 6.937600e+00 7.090400e+00 -2.415700e+01 -3.318100e+00 -1.425600e+00 6.630000e+01 -9.472500e+00 1.743400e+00 7.620000e+00 4.448800e+00 5.032100e+00 8.371100e+00 -4.235000e+00 5.293700e+00 5.974700e+01 -8.168600e+00 1.485500e+00 1.855100e+01 5.542900e+00 5.018800e+00 -1.885800e+01 -3.674100e+00 4.462400e+00 7.126300e+01 -1.660200e+01 1.438400e+01 1.524900e+01 1.063700e+01 8.484900e+00 -1.568500e+01 -1.337600e+01 8.002000e+00 +1
7.703100e+01 -3.659800e+00 -1.589500e+01 2.149300e+01 4.060200e+00 6.619800e+00 -2.916500e+01 5.514500e+00 -7.136400e+00 5.718800e+01 -9.154900e+00 -3.203100e+00 1.718800e+01 3.960100e+00 5.882800e+00 -2.149400e+01 4.583900e+00 -6.479100e+00 6.845200e+01 -5.658200e+00 -3.333100e+00 1.192400e+01 5.935800e+00 5.499200e+00 7.801400e+00 3.842700e+00 3.921500e+00 5.748300e+01 -1.131200e+01 9.693500e-02 1.547200e+01 4.471600e+00 6.816600e+00 -1.901600e+01 5.679800e+00 -7.304500e+00 6.165400e+01 -8.208400e+00 -4.719700e+00 1.415100e+01 5.595400e+00 6.278400e+00 -1.654000e+01 -3.688100e+00 -3.603200e+00 +1
6.348700e+01 -1.327800e+01 -1.105300e+00 1.919500e+01 8.205100e+00 8.138400e+00 -2.391600e+01 -7.868800e+00 7.121700e+00 6.102000e+01 -8.283900e+00 5.497000e-01 1.853800e+01 5.662800e+00 5.053900e+00 -2.269400e+01 3.337800e+00 3.578100e+00 65 -7.505600e+00 -3.103700e+00 1.337100e+01 3.381100e+00 3.026400e+00 1.001900e+01 -2.385200e+00 1.857100e+00 5.670800e+01 -7.566000e+00 -2.619700e+00 1.600900e+01 4.481800e+00 2.842500e+00 -1.872500e+01 5.158100e+00 2.771500e+00 6.122800e+01 -3.579900e+00 2.313200e+00 1.299800e+01 6.119500e+00 3.383700e+00 -1.791800e+01 -4.469300e+00 3.998000e+00 +1
6.513900e+01 -1.754500e+01 -1.523200e+01 1.646500e+01 5.130400e+00 2.322100e+00 -2.401700e+01 8.288000e+00 -1.916900e+00 6.449700e+01 -1.722000e+01 -1.419900e+01 1.708000e+01 5.047400e+00 2.876500e+00 -2.469800e+01 7.482600e+00 4.121800e+00 7.031800e+01 -1.568100e+01 -1.233000e+01 5.768000e+00 4.825400e+00 4.874800e+00 -4.900600e+00 5.508200e+00 5.835900e+00 6.674000e+01 -1.676300e+01 -1.338000e+01 1.546900e+01 4.599100e+00 3.220900e+00 -2.309600e+01 7.770600e+00 5.547200e+00 6.584000e+01 -1.839900e+01 -1.404200e+01 1.043400e+01 2.624000e+00 1.966300e+00 -1.573800e+01 3.920800e+00 2.414600e+00 +1
6.871600e+01 -6.529200e+00 -1.307600e+01 1.835100e+01 3.152200e+00 3.558900e+00 -2.635400e+01 4.588300e+00 -4.572000e+00 6.643800e+01 -7.434900e+00 -1.177000e+01 1.783100e+01 2.824000e+00 2.555000e+00 -2.598900e+01 4.219700e+00 3.073200e+00 7.106400e+01 -3.751000e+00 -8.972700e+00 1.163600e+01 3.346600e+00 4.582800e+00 -1.089600e+01 2.980600e+00 4.093800e+00 6.367500e+01 -7.646000e+00 -1.012400e+01 1.737400e+01 2.526900e+00 4.108700e+00 -2.345100e+01 3.205100e+00 5.267900e+00 6.374800e+01 -7.278800e+00 -1.101900e+01 1.399000e+01 2.606900e+00 4.459300e+00 -1.671100e+01 3.880100e+00 -6.598100e+00 +1
5.503100e+01 -8.756700e+00 -2.786300e+00 1.845000e+01 4.087000e+00 3.626000e+00 -2.036600e+01 4.070600e+00 3.254100e+00 6.605900e+01 -7.659600e+00 3.684700e+00 2.042300e+01 6.505000e+00 5.513300e+00 -2.440800e+01 -2.397300e+00 -1.946200e+00 6.999900e+01 -7.806000e+00 2.092700e+00 1.141900e+01 6.751900e+00 5.768800e+00 7.877300e+00 -7.148400e+00 6.994100e+00 6.197600e+01 -6.083800e+00 1.415100e+00 1.889000e+01 6.542100e+00 4.445300e+00 -2.128300e+01 -7.155500e+00 4.677100e+00 6.621700e+01 -1.220200e+00 3.661500e+00 1.473600e+01 6.614300e+00 4.816500e+00 -1.816300e+01 -9.342500e+00 2.170800e+00 +1
8.519500e+01 -5.038600e-01 -1.283700e+00 2.736100e+01 1.585100e+00 3.241800e+00 -3.595000e+01 1.375500e+00 -4.384100e+00 6.214400e+01 -3.745600e+00 1.166000e+00 1.862700e+01 2.888100e+00 2.233500e+00 -2.369100e+01 -2.168300e+00 -3.361900e+00 6.635100e+01 -3.201600e+00 1.759600e+00 5.916200e+00 1.425700e+00 1.165400e+00 4.596800e+00 1.428800e+00 1.392200e+00 6.141800e+01 -4.467600e+00 5.777000e-01 1.515400e+01 1.733100e+00 1.835100e+00 -2.108300e+01 2.364800e+00 -2.658200e+00 6.796500e+01 -4.681400e+00 1.763100e+00 1.466300e+01 5.738100e+00 3.127600e+00 -1.965100e+01 -9.360700e+00 5.175500e+00 +1
6.308700e+01 1.183700e+00 6.877200e+00 1.798300e+01 3.981900e+00 4.957600e+00 -2.414700e+01 3.861200e+00 -5.458500e+00 7.533200e+01 4.338100e+00 3.302400e+00 1.763000e+01 6.795300e+00 6.145700e+00 -2.193000e+01 6.934200e+00 -5.002100e+00 7.601700e+01 7.738400e+00 1.033200e+01 8.724300e+00 3.432400e+00 5.455600e+00 6.095600e+00 -2.213700e+00 -1.536100e+00 7.356900e+01 5.285900e+00 2.364300e+00 2.191300e+01 6.409100e+00 7.095000e+00 -2.890200e+01 5.346200e+00 -5.953400e+00 8.162800e+01 6.134900e+00 1.848200e+00 2.131700e+01 4.163000e+00 5.385400e+00 -2.920400e+01 -3.392500e+00 5.557700e+00 -1
6.753000e+01 1.939200e+00 6.535200e+00 1.931500e+01 4.334100e+00 2.377900e+00 -2.754100e+01 4.941800e+00 -2.881900e+00 6.800500e+01 -5.253200e-03 5.601800e+00 1.936900e+01 6.272100e+00 4.647700e+00 -2.663200e+01 3.483200e+00 -5.502000e+00 7.419200e+01 4.183600e+00 7.391100e+00 7.920600e+00 5.057200e+00 3.600600e+00 -6.272700e+00 -4.440400e+00 -3.750700e+00 6.585200e+01 -1.405500e+00 4.788000e+00 1.790300e+01 5.061700e+00 3.418100e+00 -2.385500e+01 4.471100e+00 -3.534300e+00 6.919000e+01 -4.306400e+00 7.829300e+00 1.289200e+01 6.124100e+00 3.235500e+00 -1.975200e+01 -9.401600e+00 4.690600e+00 -1
6.476100e+01 -1.261100e+01 -1.133500e+01 1.765500e+01 7.371700e+00 8.449000e+00 -2.445000e+01 7.743000e+00 7.073100e+00 7.232500e+01 -5.548800e+00 -5.805200e+00 1.609800e+01 9.264300e+00 1.053200e+01 -1.756500e+01 3.514700e+00 -9.782100e+00 7.861400e+01 -7.018700e+00 -7.996700e+00 8.763900e+00 1.253200e+01 1.474700e+01 6.146200e+00 7.710800e+00 1.099000e+01 6.676400e+01 -3.572100e+00 -2.162700e+00 2.214200e+01 8.012700e+00 9.515100e+00 -2.541100e+01 4.501400e+00 -7.968000e+00 7.310700e+01 -3.486500e+00 -7.671600e+00 1.965300e+01 5.656500e+00 5.476200e+00 -2.559100e+01 5.230300e+00 5.665900e+00 -1
6.132700e+01 4.745600e-02 -5.681200e-02 1.961200e+01 5.008700e+00 3.767100e+00 -2.430400e+01 2.465600e+00 2.670500e+00 6.476200e+01 6.552000e+00 8.107100e+00 1.328000e+01 8.204300e+00 7.470300e+00 -1.772300e+01 7.379200e+00 4.576800e+00 6.764500e+01 7.915900e+00 7.429300e+00 1.130400e+01 1.013900e+01 5.361400e+00 7.779500e+00 3.798200e+00 -4.003200e+00 5.969700e+01 7.307200e+00 7.029600e+00 1.981500e+01 8.000400e+00 6.080100e+00 -2.287200e+01 6.414200e+00 4.129500e+00 5.609600e+01 4.962200e+00 8.233800e+00 1.351300e+01 5.598400e+00 4.260600e+00 -1.950300e+01 1.646000e+00 -3.303900e+00 -1
5.531300e+01 -4.907200e+00 -5.848300e+00 1.468500e+01 4.803600e+00 5.694900e+00 -2.114200e+01 4.913900e+00 -2.806300e+00 6.130000e+01 -1.147400e+00 1.254800e-01 1.289800e+01 6.059100e+00 6.704000e+00 -1.658400e+01 6.350800e+00 -4.479900e+00 6.483900e+01 2.100400e+00 3.210500e+00 9.755900e+00 3.708500e+00 5.939800e+00 8.384100e+00 -3.744700e+00 -3.882500e+00 6.207400e+01 -8.564600e-02 -4.010600e+00 2.005700e+01 6.399700e+00 5.245300e+00 -2.377400e+01 4.676400e+00 -4.667000e+00 6.418800e+01 2.454200e+00 1.045300e+00 1.890400e+01 3.623800e+00 3.782200e+00 -2.261400e+01 -3.820200e+00 2.479200e+00 -1
6.118800e+01 -4.005100e+00 4.284500e+00 1.808400e+01 4.182600e+00 2.850200e+00 -2.426700e+01 -2.483500e+00 -8.444400e-01 5.926800e+01 -8.268100e-01 4.774200e+00 1.779000e+01 5.805900e+00 4.033600e+00 -2.251600e+01 4.260700e+00 -1.925700e+00 6.704000e+01 2.940000e+00 6.601800e+00 1.071800e+01 6.162500e+00 4.878800e+00 -6.444200e+00 -3.492700e+00 -4.215900e+00 5.948100e+01 4.110800e-01 5.519400e+00 1.654200e+01 4.882900e+00 4.260600e+00 -2.093500e+01 2.836800e+00 -2.472500e+00 6.829700e+01 6.253500e+00 1.007500e+01 1.215700e+01 6.777500e+00 4.346700e+00 -1.835200e+01 1.032400e+01 6.796600e+00 -1
7.613800e+01 -7.578900e+00 -1.514500e+01 1.997900e+01 4.587100e+00 5.307200e+00 -2.830900e+01 6.071600e+00 -3.636600e+00 7.606400e+01 -9.085400e+00 -1.473700e+01 2.047200e+01 3.683900e+00 5.436700e+00 -2.905300e+01 4.998900e+00 7.152700e+00 7.224100e+01 -2.755000e+00 -5.146000e+00 1.495100e+01 4.371900e+00 8.836100e+00 -5.760200e+00 2.913500e+00 2.161500e+00 6.627100e+01 -6.678900e+00 -7.509700e+00 1.871800e+01 5.673800e+00 7.408900e+00 -2.419000e+01 5.504200e+00 7.133400e+00 6.630400e+01 -6.693400e+00 -3.889200e+00 1.588600e+01 5.507400e+00 8.730500e+00 -1.916200e+01 -6.919600e+00 -4.695500e+00 -1
8.380800e+01 -7.545300e+00 -1.289300e+01 2.233000e+01 3.689200e+00 4.435700e+00 -3.218100e+01 5.766100e+00 -4.535300e+00 8.167200e+01 -3.011100e+00 -9.465700e+00 1.615500e+01 5.100500e+00 6.908300e+00 -2.149800e+01 5.437800e+00 -9.257300e+00 7.605500e+01 -2.298600e+00 -3.109500e+00 1.815600e+01 3.341500e+00 5.120300e+00 -9.233400e+00 2.298300e+00 3.495300e+00 8.032700e+01 -3.734500e+00 -8.885600e+00 2.377900e+01 5.581300e+00 5.361700e+00 -3.171500e+01 6.301900e+00 -5.114100e+00 7.083200e+01 -4.821100e-01 -5.923500e+00 1.994600e+01 3.437900e+00 3.663600e+00 -2.636300e+01 -1.676600e+00 4.004900e+00 -1
6.340100e+01 4.308700e+00 1.333600e+01 1.909100e+01 7.536300e+00 6.246100e+00 -2.375000e+01 3.042200e+00 -6.646200e+00 6.209400e+01 5.034100e+00 1.251200e+01 1.499100e+01 9.879400e+00 8.043600e+00 -1.616600e+01 9.956500e+00 6.983800e+00 6.775900e+01 8.399000e+00 1.294300e+01 1.195100e+01 7.104300e+00 6.257500e+00 7.901800e+00 -1.868400e+00 -1.623900e+00 6.456200e+01 1.042100e+01 1.704300e+01 1.872200e+01 7.494700e+00 6.095700e+00 -2.435800e+01 5.406600e+00 -5.281400e+00 6.093900e+01 9.351300e+00 1.459300e+01 1.882800e+01 8.294200e+00 9.160800e+00 -2.073900e+01 -6.742000e+00 -7.327000e+00 -1
6.692500e+01 2.630000e+00 9.204600e+00 1.870800e+01 4.427200e+00 3.738100e+00 -2.637900e+01 -3.483700e+00 -5.194500e+00 7.149000e+01 -1.924400e+00 4.070700e+00 1.247200e+01 9.720800e+00 9.379700e+00 -1.934300e+01 6.199400e+00 -6.850900e+00 7.279900e+01 8.388500e-01 7.039000e+00 5.087400e+00 4.613900e+00 6.010300e+00 3.547400e+00 -4.223800e+00 -7.204800e+00 6.815700e+01 -5.217200e-01 3.741600e+00 1.957800e+01 8.805600e+00 9.480900e+00 -2.701900e+01 4.872600e+00 -7.570100e+00 6.716600e+01 -1.167100e+01 -5.810200e+00 1.822600e+01 7.396300e+00 6.873100e+00 -2.435600e+01 7.289000e+00 6.542100e+00 -1
6.776900e+01 4.815600e+00 3.626500e+00 1.916000e+01 6.128000e+00 8.689600e+00 -2.571900e+01 4.221300e+00 -4.234000e+00 6.912800e+01 1.187400e+01 1.395400e+01 1.201300e+01 7.678600e+00 9.016600e+00 -1.779700e+01 9.886400e+00 -6.606900e+00 7.495100e+01 1.277500e+01 1.668500e+01 8.021200e+00 4.706000e+00 4.773600e+00 6.220400e+00 -3.810200e+00 -3.745500e+00 6.550500e+01 1.028500e+01 1.436300e+01 1.869000e+01 6.479600e+00 7.636200e+00 -2.508900e+01 3.981300e+00 -8.700100e+00 6.537600e+01 1.474700e+01 1.826300e+01 1.728700e+01 5.496700e+00 6.947000e+00 -2.292700e+01 -6.665200e+00 -9.019500e+00 -1
5.802300e+01 -1.127000e+01 5.629600e-01 1.829600e+01 7.912900e+00 9.104000e+00 -1.981700e+01 8.541000e+00 -6.067400e+00 6.384900e+01 -8.242500e+00 1.460200e+00 1.646900e+01 8.271000e+00 1.063000e+01 -9.541400e+00 5.847600e+00 -6.801900e+00 7.621500e+01 6.432000e-01 4.411700e+00 1.346300e+01 1.093500e+01 1.055700e+01 -6.156300e+00 -6.334100e+00 -7.187100e+00 6.297700e+01 -3.512600e+00 5.167100e+00 2.132100e+01 1.005500e+01 1.103400e+01 -2.263000e+01 8.673900e+00 -9.743200e+00 6.567900e+01 5.955800e+00 1.474600e+01 1.896600e+01 6.397100e+00 6.423700e+00 -2.300400e+01 -4.312200e+00 -6.733200e+00 -1
6.263200e+01 -3.167100e+00 -6.291800e-02 1.974800e+01 4.506000e+00 4.215700e+00 -2.276600e+01 3.896800e+00 -3.399700e+00 7.719900e+01 1.883500e+00 4.664700e-02 1.911100e+01 5.788000e+00 5.764400e+00 -2.224000e+01 6.132600e+00 -6.443300e+00 7.083700e+01 3.490100e+00 5.225000e+00 1.105200e+01 4.990200e+00 4.735900e+00 9.447300e+00 3.608900e+00 2.588900e+00 6.691000e+01 -1.671300e+00 -2.852000e+00 2.412600e+01 5.175100e+00 6.280000e+00 -2.454100e+01 5.405300e+00 -5.478300e+00 8.248400e+01 1.987500e+00 -2.108800e+00 2.373200e+01 3.047600e+00 4.625300e+00 -3.013300e+01 -3.349600e+00 2.799400e+00 -1
6.474300e+01 -3.653500e+00 5.566400e+00 1.789000e+01 3.635300e+00 2.766100e+00 -2.569600e+01 3.268700e+00 -3.859600e+00 7.068800e+01 1.013300e+00 7.950300e+00 1.238700e+01 8.382000e+00 6.350500e+00 -1.974800e+01 9.454000e+00 5.254700e+00 7.386600e+01 1.272000e+00 6.193600e+00 7.004600e+00 5.758800e+00 5.105900e+00 -4.964000e+00 -4.748100e+00 -5.726100e+00 6.602400e+01 -1.177100e+00 4.697900e+00 1.905400e+01 6.598200e+00 5.695400e+00 -2.653900e+01 4.498800e+00 -6.845900e+00 6.569100e+01 2.041800e+00 7.639700e+00 1.763100e+01 3.995400e+00 4.282200e+00 -2.375400e+01 1.204800e+00 -5.713400e+00 -1
5.025800e+01 -4.560000e+00 3.077800e-01 1.785100e+01 3.931800e+00 3.719400e+00 -1.792200e+01 4.057000e+00 2.601000e+00 5.383700e+01 -4.393700e+00 1.114000e+00 1.605400e+01 5.708500e+00 5.554700e+00 -2.068200e+01 -1.702500e+00 -4.285800e+00 6.411400e+01 9.855600e-02 4.714600e+00 1.026800e+01 6.178700e+00 5.305600e+00 5.915900e+00 4.809400e+00 4.147800e+00 5.992000e+01 -6.823200e+00 -2.230600e+00 1.597600e+01 4.147800e+00 3.108300e+00 -2.165200e+01 3.383100e+00 -2.287200e+00 5.966600e+01 -7.869100e+00 -2.996100e+00 1.251600e+01 5.497300e+00 3.754500e+00 -1.644400e+01 -4.450700e+00 2.948900e+00 -1
6.380700e+01 3.216700e+00 1.578000e+00 1.917900e+01 4.721600e+00 3.104100e+00 -2.578900e+01 4.821100e+00 -2.401100e+00 6.937200e+01 9.261900e+00 6.652000e+00 1.894400e+01 4.471700e+00 3.150800e+00 -2.683100e+01 3.106200e+00 -4.010100e+00 7.244000e+01 8.333000e+00 5.444700e+00 1.101200e+01 4.754000e+00 3.708100e+00 -9.865700e+00 -4.423700e+00 -3.294800e+00 6.661600e+01 6.121400e+00 5.412100e+00 1.838700e+01 4.347800e+00 2.929900e+00 -2.429800e+01 -4.589400e+00 -3.205300e+00 7.271800e+01 1.010700e+01 8.695000e+00 1.362600e+01 6.671300e+00 5.052800e+00 -1.927500e+01 1.010000e+01 8.032900e+00 -1
6.471800e+01 -3.565700e+00 5.720700e+00 1.850400e+01 3.547000e+00 2.718300e+00 -2.627900e+01 -3.796000e+00 -3.297300e+00 6.310500e+01 -2.290900e+00 3.262000e+00 1.762900e+01 4.398700e+00 2.981000e+00 -2.457900e+01 5.108400e+00 -3.645400e+00 7.285600e+01 4.309300e+00 6.975300e+00 6.750800e+00 4.001900e+00 2.716300e+00 -6.399300e+00 2.221900e+00 -2.963800e+00 6.323900e+01 -1.275900e+00 3.144100e+00 1.723600e+01 3.421800e+00 3.676600e+00 -2.307500e+01 -1.227300e+00 -4.574800e+00 7.105300e+01 2.757600e+00 3.503100e+00 1.319300e+01 7.803600e+00 6.975500e+00 -2.044800e+01 9.362300e+00 5.576500e+00 -1
6.461300e+01 -1.342200e+00 7.741500e+00 1.882100e+01 3.563000e+00 3.052700e+00 -2.639900e+01 2.604700e+00 -4.706100e+00 6.582300e+01 2.693000e+00 9.267600e+00 1.842600e+01 4.480800e+00 3.705300e+00 -2.608200e+01 3.448500e+00 -5.223100e+00 7.288700e+01 4.184200e+00 9.811100e+00 6.413300e+00 3.651800e+00 2.694600e+00 -4.070200e+00 -1.582100e+00 -2.364100e+00 6.431100e+01 2.192700e+00 9.040700e+00 1.781900e+01 4.151300e+00 4.332200e+00 -2.362700e+01 -2.820900e+00 -4.957900e+00 6.950900e+01 2.648700e+00 9.087200e+00 1.347100e+01 5.093100e+00 3.921700e+00 -2.083700e+01 6.350600e+00 3.481800e+00 -1
6.437500e+01 3.708800e+00 9.216500e+00 1.796400e+01 5.550800e+00 3.201400e+00 -2.522600e+01 7.364600e+00 -3.045300e+00 6.343200e+01 -1.098500e+00 3.634300e+00 1.829000e+01 8.417700e+00 7.421600e+00 -2.439900e+01 -6.555000e+00 -7.043000e+00 7.002700e+01 2.223100e-01 5.498800e+00 7.398900e+00 6.699200e+00 6.503100e+00 6.451200e+00 -6.435500e+00 -7.089500e+00 6.299100e+01 -2.254600e+00 4.148600e+00 1.688100e+01 4.815300e+00 4.963500e+00 -2.313600e+01 -3.359900e+00 -3.984500e+00 6.652200e+01 -5.296200e+00 1.600300e+00 1.242700e+01 6.911500e+00 5.362500e+00 -1.924700e+01 4.024600e+00 4.615700e+00 -1
6.141900e+01 -7.455500e+00 7.592800e+00 1.703800e+01 5.824600e+00 2.812500e+00 -2.438000e+01 -4.306300e+00 -2.940300e+00 6.120700e+01 -2.322600e+00 5.299700e+00 1.729700e+01 5.811900e+00 4.177600e+00 -2.373800e+01 -4.199000e+00 -3.816400e+00 7.249100e+01 5.023500e+00 6.988200e+00 6.048700e+00 4.084200e+00 4.236200e+00 -3.472500e+00 1.823700e+00 -3.797100e+00 6.063300e+01 -2.385000e+00 2.030700e+00 1.676300e+01 4.468600e+00 4.346200e+00 -2.209200e+01 3.945500e+00 -2.450500e+00 6.340900e+01 -1.960800e+00 1.444500e+00 1.367500e+01 4.458800e+00 3.619800e+00 -1.952300e+01 3.157900e+00 3.472200e+00 -1
6.292800e+01 -1.057500e+00 4.413700e+00 1.877500e+01 4.344000e+00 3.813500e+00 -2.527300e+01 2.105700e+00 -3.831400e+00 6.385800e+01 5.400700e-01 5.593600e+00 1.770900e+01 3.628200e+00 3.417100e+00 -2.504200e+01 3.318800e+00 -3.952100e+00 7.187600e+01 1.367000e+00 6.236500e+00 7.157900e+00 4.517200e+00 2.928800e+00 3.674400e+00 3.048400e+00 1.134900e+00 5.935200e+01 -3.506900e+00 2.569200e+00 1.576300e+01 2.972400e+00 2.552800e+00 -2.150000e+01 2.495500e+00 -2.135900e+00 6.714600e+01 -2.819100e+00 4.814400e+00 1.295100e+01 4.751200e+00 2.790600e+00 -2.035800e+01 -6.141100e+00 3.704400e+00 -1
6.187600e+01 -1.161700e+00 4.599700e+00 1.777000e+01 3.406600e+00 2.236700e+00 -2.525700e+01 3.557100e+00 -3.066400e+00 6.208400e+01 2.504700e+00 5.910400e+00 1.902600e+01 6.151100e+00 4.661000e+00 -2.426500e+01 4.646600e+00 -4.509100e+00 6.964500e+01 3.092500e+00 5.759600e+00 1.019800e+01 5.760100e+00 3.850000e+00 3.726500e+00 3.797600e+00 -2.698100e+00 6.213000e+01 -7.506200e-01 3.787500e+00 1.534300e+01 4.364600e+00 3.137500e+00 -2.131500e+01 4.919500e+00 -7.317300e-01 7.288300e+01 5.826800e+00 7.882500e+00 1.292600e+01 7.585800e+00 5.968300e+00 -1.978800e+01 9.559700e+00 6.658700e+00 -1
6.181600e+01 -4.854600e+00 3.455900e+00 1.705400e+01 3.045600e+00 2.317000e+00 -2.438600e+01 2.422800e+00 -3.330800e+00 6.464400e+01 -2.700600e+00 5.369700e+00 1.393500e+01 6.844700e+00 4.074000e+00 -1.862500e+01 3.930400e+00 3.684800e+00 7.200500e+01 -5.238100e-02 6.428900e+00 8.286600e+00 3.449800e+00 2.453900e+00 -4.839200e+00 1.036800e+00 -1.553800e+00 6.496900e+01 -3.752700e+00 4.384200e+00 1.905700e+01 4.200500e+00 3.823600e+00 -2.621200e+01 3.711600e+00 -4.397600e+00 6.046700e+01 -3.855400e+00 3.099000e+00 1.586900e+01 2.592900e+00 2.676100e+00 -2.178400e+01 1.543100e+00 -3.200900e+00 -1
3.964800e+01 -4.567600e+00 -3.555300e-01 1.385000e+01 4.839900e+00 4.111700e+00 -6.612100e+00 6.342000e+00 5.065800e+00 4.529800e+01 -1.490500e+00 3.130400e-01 1.750000e+01 6.976900e+00 5.604700e+00 -8.357000e+00 8.204400e+00 7.025400e+00 5.752800e+01 3.978100e+00 5.696400e+00 1.859600e+01 8.335300e+00 7.465900e+00 1.793900e+01 4.149300e+00 6.145400e+00 5.514800e+01 9.896500e-01 4.280700e+00 2.097700e+01 8.769700e+00 5.324600e+00 -1.205000e+01 -4.142200e+00 5.097400e+00 6.035200e+01 7.757700e+00 9.648900e+00 1.707200e+01 1.039400e+01 8.124600e+00 -1.271100e+01 1.240600e+01 1.071100e+01 -1
6.358100e+01 -2.717500e+00 2.527100e+00 1.984900e+01 4.570300e+00 3.696100e+00 -2.538300e+01 3.274500e+00 -4.034000e+00 6.552100e+01 -7.427600e-01 5.559100e+00 1.851800e+01 4.031400e+00 3.573000e+00 -2.590100e+01 2.955700e+00 -2.516700e+00 7.114600e+01 3.090200e+00 7.524300e+00 9.722400e+00 3.698900e+00 3.234800e+00 -8.118300e+00 2.019200e+00 -3.012000e+00 6.674100e+01 5.639000e-01 6.708200e+00 1.761900e+01 3.775000e+00 3.254300e+00 -2.407600e+01 -1.657800e+00 -2.966500e+00 7.169700e+01 1.153300e+00 7.913800e+00 1.421600e+01 5.662400e+00 2.890800e+00 -2.155500e+01 -7.924100e+00 3.031000e+00 -1
5.378600e+01 1.739600e+00 1.162200e+01 1.652100e+01 4.799000e+00 6.005400e+00 -2.145600e+01 -3.728500e+00 -6.609200e+00 5.980600e+01 5.688600e+00 1.501300e+01 1.134000e+01 6.280300e+00 4.419600e+00 -1.634000e+01 8.231900e+00 2.513300e+00 6.455300e+01 6.600500e+00 1.593600e+01 7.589000e+00 4.515900e+00 4.412900e+00 6.729200e+00 3.251800e+00 4.609800e+00 5.624300e+01 6.429900e+00 1.442500e+01 1.621200e+01 5.358000e+00 4.569200e+00 -2.179100e+01 6.199500e+00 -5.500000e+00 5.962600e+01 6.562800e+00 1.464600e+01 1.567100e+01 4.622400e+00 6.883400e+00 -2.091000e+01 -3.640400e+00 -8.469900e+00 -1
6.425600e+01 -4.001100e+00 6.218100e+00 1.897400e+01 4.947000e+00 3.465200e+00 -2.562500e+01 5.729200e+00 -4.145700e+00 6.834700e+01 -1.350400e+00 6.996400e+00 1.949500e+01 4.822000e+00 4.266600e+00 -2.664400e+01 3.003800e+00 -4.785000e+00 7.197900e+01 3.132800e+00 7.885300e+00 1.387900e+01 5.837000e+00 6.564200e+00 -1.198200e+01 -3.306800e+00 -6.415100e+00 6.705000e+01 6.840800e-01 8.153700e+00 1.934100e+01 5.329800e+00 4.902400e+00 -2.454800e+01 3.881600e+00 -5.163700e+00 6.228500e+01 -2.145200e+00 3.894100e+00 1.526000e+01 6.116700e+00 6.424500e+00 -1.724200e+01 -5.869400e+00 -4.412100e+00 -1
5.191400e+01 2.496600e+00 6.007000e+00 1.578000e+01 1.163500e+01 4.755600e+00 -1.907200e+01 1.027400e+01 2.663900e+00 5.897000e+01 6.441900e+00 7.480600e+00 21 8.316200e+00 5.783700e+00 -2.054000e+01 -7.145300e+00 -3.058400e+00 6.771500e+01 1.288000e+01 7.619100e+00 1.093300e+01 7.224800e+00 3.226400e+00 8.459100e+00 -2.162100e+00 -2.230500e+00 5.159100e+01 9.418000e+00 5.465500e+00 1.392400e+01 1.140200e+01 3.899800e+00 -1.733400e+01 -2.747000e+00 -3.027900e+00 5.747800e+01 1.074500e+01 7.435600e+00 1.139900e+01 8.249000e+00 4.605000e+00 -1.502700e+01 7.934000e+00 6.869800e+00 -1
6.080100e+01 1.156500e+00 1.159000e-01 2.185700e+01 4.961200e+00 5.892100e+00 -2.270400e+01 3.434600e+00 -3.988300e+00 4.888000e+01 -2.979700e+00 5.173300e+00 1.734100e+01 6.746200e+00 5.676300e+00 -1.653000e+01 6.140600e+00 -2.509000e+00 8.172800e+01 5.355400e+00 1.256800e-02 1.200700e+01 2.936800e+00 6.664400e+00 -1.201200e+01 2.172800e+00 6.892100e+00 5.322100e+01 -1.548800e+00 1.759800e+00 1.664900e+01 4.819400e+00 4.425300e+00 -1.476600e+01 4.834800e+00 2.787700e+00 6.849500e+01 9.936000e+00 1.055900e+01 1.468400e+01 6.861600e+00 6.411900e+00 -1.828600e+01 8.924900e+00 4.702900e+00 -1
8.192600e+01 -4.364900e+00 -2.561200e+00 2.672300e+01 4.405100e+00 5.307400e+00 -3.285100e+01 -3.199600e+00 -6.401900e+00 8.426400e+01 -6.358900e+00 -4.893700e+00 2.390100e+01 4.600500e+00 5.045200e+00 -3.273900e+01 2.863900e+00 -5.007400e+00 8.256500e+01 -2.053400e+00 2.182800e+00 1.335700e+01 4.751100e+00 7.230500e+00 -5.771300e+00 -4.105400e+00 -4.771100e+00 5.627900e+01 -6.628200e+00 2.747300e+00 1.862100e+01 6.306500e+00 5.584200e+00 -1.698300e+01 4.904200e+00 -4.103400e+00 8.606400e+01 -9.047800e+00 -8.184300e+00 1.493200e+01 4.186600e+00 5.930700e+00 -2.163700e+01 -3.155600e+00 -6.157300e+00 -1
7.004500e+01 2.496300e+00 1.177200e+01 2.033700e+01 4.482000e+00 4.669200e+00 -2.796800e+01 5.123900e+00 -5.141600e+00 6.852800e+01 2.113200e+00 1.310600e+01 1.988000e+01 3.629100e+00 5.218400e+00 -2.637800e+01 3.452100e+00 -5.987900e+00 6.774100e+01 6.704400e-01 1.057800e+01 1.398600e+01 3.761400e+00 5.569600e+00 -7.599300e+00 1.027400e+00 -2.769500e+00 6.490000e+01 2.296500e-02 9.559400e+00 1.871300e+01 3.119300e+00 4.851600e+00 -2.320200e+01 -5.597300e-01 -5.615100e+00 6.914600e+01 2.653900e-01 1.332500e+01 1.458600e+01 5.064300e+00 4.329200e+00 -1.948600e+01 -4.282000e+00 2.680900e+00 -1
4.699900e+01 -7.169500e+00 -1.272900e+00 1.408100e+01 5.253800e+00 3.215700e+00 -1.880400e+01 3.679100e+00 -3.833300e+00 6.809100e+01 4.899800e+00 6.961400e+00 2.211200e+01 7.062900e+00 7.019600e+00 -2.545600e+01 -3.675300e+00 -7.026600e+00 6.853400e+01 4.472700e+00 7.827100e+00 1.018500e+01 4.073900e+00 5.412000e+00 8.160800e+00 -4.280000e+00 -4.667400e+00 6.178600e+01 3.182700e+00 5.741700e+00 2.010100e+01 6.458700e+00 6.652200e+00 -2.082800e+01 -5.865100e+00 -3.320500e+00 8.168300e+01 9.107300e+00 1.030400e+01 1.521500e+01 6.224600e+00 8.252700e+00 -2.199700e+01 9.996300e+00 -7.941000e+00 -1
7.340400e+01 -6.544400e+00 -7.451800e-01 2.521600e+01 4.512200e+00 3.644500e+00 -2.689600e+01 2.198300e+00 -3.855100e+00 7.448100e+01 -6.830700e+00 5.111100e-01 2.005400e+01 5.401500e+00 4.673400e+00 -1.914900e+01 -7.662400e+00 -3.293700e+00 8.419400e+01 -2.134300e+00 2.635800e+00 1.434500e+01 3.545600e+00 4.817300e+00 -9.139900e+00 -3.205400e+00 3.858000e+00 8.015800e+01 -4.889000e+00 -1.698700e+00 2.583600e+01 4.390900e+00 4.458700e+00 -3.190200e+01 2.832600e+00 -5.085600e+00 8.451100e+01 -6.643300e+00 -3.332500e+00 2.344500e+01 4.215900e+00 4.533300e+00 -3.158500e+01 4.310200e+00 5.034300e+00 -1
5.194600e+01 -1.130400e+01 8.185100e+00 1.488100e+01 5.251800e+00 3.651700e+00 -2.004500e+01 3.079200e+00 -4.122300e+00 6.046200e+01 -2.423600e+00 1.048900e+01 2.013300e+01 8.697900e+00 6.215800e+00 -2.193100e+01 5.840300e+00 -4.076200e+00 6.745400e+01 9.461400e-03 1.347400e+01 1.233700e+01 7.847000e+00 4.725500e+00 4.349200e+00 -6.872800e+00 2.966000e+00 6.040200e+01 -1.949200e+00 1.125700e+01 1.892500e+01 8.338500e+00 6.978400e+00 -2.033100e+01 -4.980000e+00 -6.615300e+00 7.466900e+01 7.065700e+00 1.753400e+01 1.315200e+01 6.598900e+00 4.987400e+00 -1.939100e+01 1.038200e+01 5.508100e+00 -1
4.983200e+01 -1.559600e+00 4.382700e+00 1.753000e+01 3.810100e+00 4.946600e+00 -1.844800e+01 3.623800e+00 -3.278800e+00 5.647100e+01 1.092800e+00 7.390800e+00 1.855000e+01 3.957700e+00 5.032700e+00 -2.187400e+01 2.659100e+00 -3.935900e+00 6.553800e+01 2.255300e+00 8.995300e+00 8.327400e+00 2.543100e+00 2.986700e+00 4.841100e+00 1.447700e+00 1.464500e+00 5.766500e+01 1.097900e+00 8.579200e+00 1.601200e+01 2.608700e+00 4.396900e+00 -2.063700e+01 -2.343700e+00 -4.942100e+00 6.680800e+01 4.445700e+00 1.252500e+01 1.275400e+01 4.994400e+00 3.335000e+00 -1.880100e+01 8.043200e+00 3.993700e+00 -1
6.730200e+01 -5.626200e+00 -3.101600e-01 2.148800e+01 4.059600e+00 4.314200e+00 -2.522100e+01 2.825000e+00 -4.688600e+00 6.901600e+01 -6.774600e+00 -2.009400e-01 2.103500e+01 4.172300e+00 4.085200e+00 -2.563700e+01 4.482600e+00 -3.893000e+00 8.244100e+01 -6.754600e-01 6.117000e+00 1.072200e+01 3.952900e+00 6.097900e+00 -9.217300e-01 -2.756600e+00 -3.049500e+00 6.905500e+01 -3.444500e+00 3.668600e+00 2.227400e+01 4.757300e+00 5.586600e+00 -2.317600e+01 3.309800e+00 2.316800e+00 8.928300e+01 -9.805100e+00 -3.557600e+00 1.531100e+01 6.532800e+00 6.697500e+00 -2.169200e+01 -2.217700e+00 6.656400e+00 -1
7.280300e+01 -2.569700e+01 -1.948700e+01 1.967300e+01 1.628000e+01 1.337000e+01 -2.711000e+01 1.681700e+01 1.464500e+01 7.652600e+01 -1.961600e+01 -1.335100e+01 1.344100e+01 1.615600e+01 1.545100e+01 -1.796900e+01 9.955600e+00 1.168500e+01 8.144900e+01 -2.023400e+01 -1.426200e+01 1.001600e+01 1.376300e+01 1.270200e+01 -8.688400e+00 9.492200e+00 1.064800e+01 8.265900e+01 -6.439500e-03 3.495600e+00 2.552300e+01 9.402500e+00 8.854500e+00 -3.338300e+01 -1.108700e+01 -1.141400e+01 7.895000e+01 -2.900700e+00 4.943700e-01 2.251700e+01 3.745300e+00 3.580900e+00 -2.822700e+01 -1.879200e+00 2.432000e+00 -1
5.114700e+01 -3.691300e+00 -6.044800e-01 1.953100e+01 4.616400e+00 7.547200e+00 -1.626000e+01 4.595700e+00 -8.126100e+00 5.929100e+01 4.226800e+00 9.294500e+00 1.949700e+01 6.225600e+00 6.268400e+00 -2.254900e+01 -3.132000e+00 -6.445300e+00 6.989100e+01 7.486600e+00 1.141600e+01 1.062800e+01 4.892100e+00 3.956000e+00 -6.326700e+00 -2.928300e+00 2.992600e+00 5.435300e+01 -8.029400e-01 5.105700e+00 1.692500e+01 6.279100e+00 6.406900e+00 -1.742100e+01 5.565500e+00 -4.203500e+00 6.401000e+01 4.096800e+00 9.717400e+00 1.600500e+01 7.256200e+00 5.214800e+00 -1.923500e+01 -4.108700e+00 1.327900e+00 -1
7.074400e+01 -1.417700e+01 -8.109700e+00 1.967600e+01 1.285700e+01 1.192800e+01 -2.477300e+01 -1.036800e+01 -9.903900e+00 8.010900e+01 -7.094100e+00 -1.433300e+00 1.891700e+01 7.831900e+00 8.471200e+00 -2.126200e+01 -1.023000e+01 -9.552200e+00 8.086200e+01 -9.596100e-01 3.935700e+00 1.363300e+01 4.302900e+00 4.854900e+00 -6.419300e+00 2.065200e+00 -1.783000e+00 8.086000e+01 -4.704600e+00 -2.871400e+00 2.595100e+01 4.618500e+00 5.218100e+00 -3.219600e+01 3.874200e+00 -5.577600e+00 8.882500e+01 -6.205100e+00 -3.495600e+00 2.296800e+01 3.433700e+00 3.913700e+00 -3.273600e+01 4.602100e+00 4.749200e+00 -1
5.793600e+01 -2.067700e+01 -1.406900e+01 1.581400e+01 1.015200e+01 1.057400e+01 -2.067200e+01 1.007100e+01 1.004200e+01 6.738400e+01 -1.888400e+01 -1.236800e+01 2.016600e+01 1.126100e+01 9.485200e+00 -2.444900e+01 8.001800e+00 6.734400e+00 6.959400e+01 -1.022400e+01 -1.704500e+00 1.501500e+01 9.058900e+00 9.207400e+00 1.371900e+01 -9.736300e+00 -9.714000e+00 6.141600e+01 -1.269100e+01 -6.384700e+00 2.017100e+01 9.154200e+00 8.221900e+00 -1.911500e+01 -6.235800e+00 -6.387700e+00 7.804100e+01 -9.606600e+00 -4.868000e+00 1.576100e+01 4.953200e+00 4.458600e+00 -1.955300e+01 -5.423500e+00 -3.119700e+00 -1
7.799500e+01 -1.672300e+01 -2.950200e+00 2.160800e+01 8.448100e+00 4.319400e+00 -2.830000e+01 7.206500e+00 3.912400e+00 6.277300e+01 -8.195300e-01 9.926800e+00 1.889100e+01 6.188700e+00 6.514000e+00 -2.403500e+01 -4.448100e+00 -5.853000e+00 6.623200e+01 -2.292900e-01 1.031300e+01 9.418000e+00 5.173400e+00 5.817600e+00 -4.805700e+00 -4.043400e+00 -3.272200e+00 6.626100e+01 -3.642500e+00 7.923000e+00 1.811700e+01 8.216900e+00 7.079700e+00 -2.194900e+01 -7.242000e+00 -5.716800e+00 7.270500e+01 5.171500e+00 16 1.266500e+01 5.443300e+00 3.650200e+00 -1.966300e+01 8.715100e+00 4.472300e+00 -1
4.469700e+01 -6.272700e+00 -3.197000e+00 1.614800e+01 5.625500e+00 6.729000e+00 -1.334300e+01 -4.301900e+00 -3.639300e+00 4.558700e+01 -2.322800e+00 -6.342800e-01 1.463400e+01 3.670200e+00 5.711800e+00 -1.652900e+01 4.115400e+00 1.842300e+00 6.325500e+01 1.161400e+00 6.462700e+00 1.588500e+01 4.662600e+00 6.962400e+00 1.158400e+01 3.072200e+00 -2.006100e+00 4.750300e+01 -1.742600e+00 1.303700e+00 1.508500e+01 3.453900e+00 4.987300e+00 -1.269900e+01 2.196300e+00 3.918400e+00 5.712100e+01 2.781400e+00 7.866300e+00 1.474400e+01 4.825100e+00 5.111600e+00 -1.541300e+01 6.778000e+00 5.308700e+00 -1
6.834800e+01 3.012800e+00 1.168100e+01 1.910700e+01 4.121300e+00 4.727700e+00 -2.654700e+01 3.653300e+00 -6.156800e+00 6.694600e+01 1.998000e+00 1.285400e+01 1.454300e+01 6.945600e+00 5.719400e+00 -1.786200e+01 8.970900e+00 4.745700e+00 6.537400e+01 5.884300e-01 1.043000e+01 1.194100e+01 3.757300e+00 4.861300e+00 -5.018800e+00 -1.270900e+00 -2.091800e+00 5.801700e+01 -1.502800e+00 8.190800e+00 1.921200e+01 4.490300e+00 4.862100e+00 -2.257400e+01 5.230500e+00 -4.791700e+00 5.910900e+01 -2.172900e+00 9.300400e+00 1.713500e+01 3.458300e+00 5.381400e+00 -2.063900e+01 2.510400e+00 -5.470100e+00 -1
5.313400e+01 1.443200e+00 5.719400e+00 1.656000e+01 4.158600e+00 4.255500e+00 -2.114900e+01 4.384800e+00 -4.319000e+00 5.257000e+01 2.013400e-02 8.577600e+00 1.583400e+01 4.768500e+00 5.560900e+00 -2.002900e+01 4.959500e+00 -2.304000e+00 6.276000e+01 2.741100e+00 1.034200e+01 8.058500e+00 4.038700e+00 3.832400e+00 4.115900e+00 3.971900e+00 3.859400e+00 5.956500e+01 2.603700e+00 9.767100e+00 1.566500e+01 3.684500e+00 5.349100e+00 -2.112200e+01 -3.119700e+00 -5.161500e+00 5.659600e+01 1.072100e+00 1.193500e+01 1.134200e+01 4.300700e+00 3.821900e+00 -1.649000e+01 5.049500e+00 -2.360500e+00 -1
6.387800e+01 -2.961300e+00 -7.388000e-01 2.041600e+01 3.477100e+00 6.016500e+00 -2.242000e+01 1.432300e+00 -8.175400e+00 7.510800e+01 -5.197500e+00 -3.335400e+00 2.390500e+01 4.139400e+00 6.467600e+00 -2.789700e+01 4.448600e+00 -6.068000e+00 7.249600e+01 -1.215900e+00 1.223600e+00 1.078900e+01 3.538100e+00 3.611800e+00 7.735100e+00 2.145500e+00 -3.030100e+00 7.426300e+01 -3.609400e+00 -2.044100e+00 2.264200e+01 3.772300e+00 5.559500e+00 -2.534500e+01 3.914600e+00 1.225200e+00 8.727500e+01 -4.520800e+00 -1.061700e+01 1.452000e+01 3.493200e+00 7.233900e+00 -2.213000e+01 3.354700e+00 -1.094500e+01 -1
5.081300e+01 -1.437800e+01 -5.539700e+00 1.481900e+01 7.490300e+00 5.347300e+00 -1.815000e+01 8.969700e+00 -3.637800e+00 6.202400e+01 -2.176000e+00 6.480500e+00 1.549800e+01 1.231200e+01 1.111900e+01 -1.464800e+01 8.508500e+00 -5.735000e+00 6.855500e+01 2.476900e+00 6.684700e+00 1.652200e+01 9.770000e+00 9.915500e+00 7.495300e+00 -9.171500e+00 -1.006700e+01 5.854700e+01 -1.442600e+00 4.595600e+00 1.938700e+01 1.232400e+01 1.096500e+01 -2.172000e+01 1.510600e+00 -7.808300e+00 7.431100e+01 9.772200e+00 1.586600e+01 1.685400e+01 3.318200e+00 3.242500e+00 -2.606100e+01 -3.535200e+00 -4.873100e+00 -1
4.374700e+01 -2.726500e-01 -8.900000e+00 1.394100e+01 2.243900e+00 4.487900e+00 -1.559900e+01 2.108600e+00 3.154100e+00 6.789300e+01 1.316000e+00 6.005000e+00 2.324800e+01 6.402700e+00 1.101700e+01 -2.555400e+01 6.405200e+00 -8.122200e+00 7.371900e+01 4.178700e+00 5.989900e+00 1.493700e+01 5.391600e+00 8.089400e+00 -8.493000e+00 4.285100e+00 -4.294200e+00 6.439000e+01 2.167500e+00 3.740000e+00 2.153800e+01 6.647600e+00 1.021200e+01 -2.223900e+01 6.305600e+00 3.079700e+00 6.905000e+01 -4.541500e+00 -9.403000e+00 1.314600e+01 2.674900e+00 5.695600e+00 -1.711900e+01 2.415900e+00 -6.463000e+00 -1
4.504100e+01 -8.366800e+00 -6.224000e-01 1.515800e+01 4.185100e+00 6.749500e+00 -1.625900e+01 4.320700e+00 3.572800e+00 6.013800e+01 2.061400e+00 9.025900e+00 2.518900e+01 1.191200e+01 1.142300e+01 -1.753600e+01 7.495100e+00 5.989700e+00 6.511700e+01 3.393200e+00 1.063900e+01 1.768700e+01 9.261100e+00 9.183200e+00 1.130000e+01 -4.658600e+00 -4.302000e+00 5.743400e+01 2.436100e+00 7.431600e+00 2.360200e+01 1.064500e+01 1.169900e+01 -7.936100e+00 7.718600e+00 6.405200e+00 8.291300e+01 1.659000e+01 2.341700e+01 1.225800e+01 8.021200e+00 6.637900e+00 -1.867400e+01 1.302700e+01 9.638900e+00 -1
5.159600e+01 1.206400e+00 -4.130500e+00 2.204700e+01 3.141000e+00 9.540300e+00 5.681600e+00 2.932400e+00 7.337900e+00 7.047800e+01 3.778900e+00 5.326900e+00 2.466600e+01 6.886800e+00 7.292200e+00 -2.611400e+01 6.717100e+00 -5.601900e+00 7.220400e+01 5.099200e+00 5.382400e+00 1.910900e+01 5.836800e+00 5.841900e+00 -3.866600e+00 4.405800e+00 2.934100e+00 6.294100e+01 -7.530200e-01 4.628200e+00 2.217600e+01 4.697700e+00 7.683000e+00 -1.959900e+01 4.406100e+00 3.036800e+00 6.118600e+01 2.941400e+00 -6.710300e-01 1.963900e+01 9.272000e+00 6.933300e+00 1.173000e+01 8.664400e+00 8.032800e+00 -1
3.657800e+01 -4.895500e+00 -6.315000e+00 9.800900e+00 2.276300e+00 3.039100e+00 -1.448000e+01 2.953600e+00 1.785700e+00 5.774400e+01 -4.603500e+00 1.072700e+00 1.912500e+01 8.303900e+00 1.238400e+01 -1.171800e+01 9.196900e+00 1.088000e+01 6.759000e+01 1.590500e+00 8.024800e+00 1.624100e+01 6.644900e+00 9.172200e+00 -6.587700e+00 -4.393800e+00 -4.478600e+00 5.322200e+01 -5.921500e+00 1.175100e-01 2.121100e+01 7.441300e+00 1.131500e+01 -1.718300e+01 8.127200e+00 9.894500e+00 5.602300e+01 -9.433600e+00 -6.247000e+00 1.449100e+01 6.186400e+00 4.506700e+00 -1.925900e+01 7.939700e+00 5.527100e+00 -1
6.826300e+01 -2.841000e+00 2.710800e-01 2.238100e+01 3.157800e+00 5.237400e+00 -2.441600e+01 4.218100e+00 -5.176500e+00 7.393900e+01 -4.593600e+00 -3.977300e+00 1.921600e+01 3.989100e+00 8.274500e+00 -1.948500e+01 4.133300e+00 -9.023200e+00 6.757000e+01 -1.576200e+00 3.735300e+00 1.108400e+01 2.612300e+00 3.157900e+00 1.184200e+01 3.002900e+00 -3.232600e+00 7.722400e+01 -4.388100e+00 -5.363400e+00 2.444200e+01 4.299700e+00 8.913600e+00 -2.934000e+01 5.627300e+00 -8.386200e+00 7.893000e+01 -3.717300e+00 -5.137100e+00 2.235800e+01 4.434000e+00 6.441500e+00 -2.831300e+01 4.968400e+00 6.797300e+00 -1
7.937500e+01 -1.516700e+01 -9.613100e+00 2.086800e+01 1.118400e+01 7.029100e+00 -2.734200e+01 7.766300e+00 -7.150500e+00 7.000400e+01 -1.201300e+00 3.476900e+00 2.042200e+01 7.490800e+00 7.166500e+00 -2.697400e+01 4.136700e+00 5.267700e+00 7.452100e+01 1.046000e+00 5.179400e+00 1.479500e+01 5.988000e+00 6.446400e+00 -1.023300e+01 -2.080000e+00 4.909100e+00 7.416700e+01 -4.353300e+00 4.391700e-01 2.060000e+01 8.528400e+00 8.991500e+00 -2.523900e+01 -7.252300e+00 -3.891600e+00 6.786100e+01 2.709300e+00 1.109600e+01 1.752200e+01 8.187900e+00 7.451800e+00 -1.916800e+01 6.476300e+00 -6.404900e+00 -1
5.166300e+01 -1.342700e+01 -4.199900e+00 1.582900e+01 5.261400e+00 6.251800e+00 -1.844800e+01 6.086400e+00 4.072400e+00 6.164800e+01 -5.820600e+00 -9.601600e-01 2.823200e+01 6.499900e+00 1.160900e+01 -4.434500e+00 6.963100e+00 1.011700e+01 6.799900e+01 -1.054700e+00 2.005200e+00 1.715700e+01 7.025200e+00 7.035700e+00 1.556200e+01 2.191100e+00 4.451100e+00 6.321900e+01 -5.896400e+00 -8.826600e-01 2.545300e+01 7.347500e+00 1.160200e+01 6.163600e+00 6.301700e+00 1.002300e+01 9.036400e+01 8.841100e-01 1.601800e+01 1.787400e+01 7.060900e+00 7.675000e+00 -2.420100e+01 1.090500e+01 8.928800e+00 -1
4.831600e+01 -8.221700e+00 1.885600e+00 1.970800e+01 6.319900e+00 1.100600e+01 -1.176200e+01 4.373300e+00 8.616900e+00 4.555000e+01 -8.343400e+00 -5.353200e+00 1.477300e+01 5.564600e+00 4.945300e+00 -1.600900e+01 5.918300e+00 4.074300e+00 6.481700e+01 2.123600e-01 7.014500e+00 1.793800e+01 8.155600e+00 9.861100e+00 1.545400e+01 4.226800e+00 8.075500e+00 5.152900e+01 -8.052700e+00 1.737600e+00 1.741200e+01 7.159700e+00 9.366900e+00 -1.094500e+01 7.582200e+00 1.017700e+01 6.214100e+01 -4.035500e+00 9.322700e-01 1.410500e+01 9.403700e+00 8.300900e+00 -1.636900e+01 8.231600e+00 7.428500e+00 -1
5.456100e+01 -1.006200e+01 8.046500e+00 1.542600e+01 3.798100e+00 4.404100e+00 -2.129100e+01 -3.248400e+00 -4.844500e+00 5.918600e+01 -3.514900e+00 9.385000e+00 1.793400e+01 1.019000e+01 4.520300e+00 -2.166500e+01 1.050700e+01 -4.990300e+00 6.708800e+01 -1.466800e+00 1.088500e+01 1.116500e+01 9.098200e+00 3.322500e+00 1.112200e+01 7.030900e+00 2.084600e+00 6.016400e+01 -2.169500e+00 8.592900e+00 1.840400e+01 9.888000e+00 4.998500e+00 -1.932700e+01 8.345500e+00 -5.643100e+00 7.070400e+01 9.953100e+00 1.151800e+01 1.264300e+01 6.918400e+00 5.213700e+00 -1.840300e+01 1.020400e+01 7.472400e+00 -1
6.002400e+01 -5.630800e+00 -6.415300e+00 1.937800e+01 6.689100e+00 9.187700e+00 -2.123400e+01 4.220500e+00 -5.476200e+00 6.708800e+01 -9.005300e+00 -8.711000e+00 1.210800e+01 9.501500e+00 1.260800e+01 -1.592100e+01 8.374100e+00 9.423900e+00 7.321000e+01 -2.675900e+00 -1.477200e+00 9.398100e+00 1.070400e+01 1.259600e+01 -3.931700e+00 5.155200e+00 -6.670900e+00 5.783000e+01 -6.998300e+00 -6.195800e+00 1.832800e+01 8.420000e+00 1.165900e+01 -2.143900e+01 7.327700e+00 8.796800e+00 5.827900e+01 -1.189100e+01 -1.401900e+01 1.533800e+01 8.168700e+00 8.021500e+00 -2.122100e+01 7.365500e+00 8.283400e+00 -1
7.860700e+01 -5.456600e+00 -6.818200e+00 2.444100e+01 3.980700e+00 7.679100e+00 -3.012400e+01 4.954000e+00 -5.803000e+00 6.126900e+01 -1.880400e+00 2.106500e+00 1.892200e+01 3.113100e+00 5.977500e+00 -2.268700e+01 3.291000e+00 -7.400800e+00 7.707400e+01 -3.580300e+00 -3.898000e+00 1.541100e+01 3.423200e+00 7.527600e+00 -1.259000e+01 2.946000e+00 5.029600e+00 7.959100e+01 -5.575600e+00 -7.364000e+00 2.225700e+01 2.441900e+00 4.982200e+00 -2.893400e+01 3.378000e+00 5.292500e+00 7.804800e+01 -3.658800e+00 -7.869800e+00 1.529200e+01 2.326400e+00 6.906600e+00 -2.116900e+01 1.789500e+00 -8.800000e+00 -1
3.739000e+01 -4.284000e+00 -1.115200e+01 1.028700e+01 2.861800e+00 3.394700e+00 -1.472700e+01 3.171700e+00 -1.101700e+00 5.755100e+01 2.598100e+00 3.092600e+00 2.532800e+01 6.174200e+00 1.419200e+01 -1.304300e+01 6.009300e+00 7.667400e+00 6.690600e+01 4.714200e+00 7.364600e+00 1.829800e+01 4.926300e+00 1.032200e+01 1.238800e+01 3.135800e+00 -4.976800e+00 6.463300e+01 6.051200e-01 7.108700e+00 2.777800e+01 4.742900e+00 1.649700e+01 -1.750600e+01 5.259500e+00 -4.215600e+00 8.679300e+01 6.337000e+00 2.508700e+01 1.455400e+01 7.473700e+00 5.537500e+00 -2.209500e+01 1.203500e+01 3.640800e+00 -1
4.975100e+01 -6.211900e+00 5.383800e+00 1.728800e+01 6.656300e+00 5.570800e+00 -1.720500e+01 6.496800e+00 3.725600e+00 6.688700e+01 4.817400e+00 1.179100e+01 1.867500e+01 5.438400e+00 4.654100e+00 -2.566200e+01 2.436100e+00 -5.876900e+00 6.967100e+01 4.461400e+00 1.139400e+01 9.043500e+00 3.466200e+00 2.586300e+00 2.522500e+00 2.221500e+00 1.908000e+00 6.627400e+01 4.726000e+00 1.261400e+01 1.712900e+01 4.612400e+00 5.262300e+00 -2.364900e+01 -5.646800e+00 -7.228100e+00 7.561500e+01 7.614800e+00 1.513700e+01 1.252000e+01 7.673800e+00 4.966300e+00 -1.892500e+01 1.225600e+01 7.378600e+00 -1
3.911300e+01 -6.140800e+00 -7.477900e+00 1.259500e+01 3.964700e+00 4.894700e+00 -1.026500e+01 4.111500e+00 5.543200e+00 6.253300e+01 5.123100e+00 9.033400e+00 2.300400e+01 1.096600e+01 1.346400e+01 -1.176100e+01 1.076600e+01 6.559300e+00 6.637500e+01 5.759900e+00 8.931900e+00 1.952100e+01 8.507100e+00 1.242000e+01 8.095800e+00 -5.715200e+00 -1.082300e+01 5.735500e+01 6.049200e+00 6.890500e+00 2.418900e+01 1.067700e+01 1.311000e+01 -1.620100e+01 7.883500e+00 -5.854800e+00 7.790200e+01 1.195800e+01 1.963200e+01 2.041200e+01 4.067000e+00 6.868800e+00 -2.737500e+01 -4.969600e+00 -1.027800e+01 -1
6.986500e+01 -1.848500e+01 -2.228500e+01 1.688000e+01 6.976900e+00 3.762500e+00 -2.462700e+01 1.047300e+01 2.758500e+00 6.931200e+01 -1.516200e+01 -1.748200e+01 1.910000e+01 8.051700e+00 7.056100e+00 -2.627600e+01 9.677600e+00 8.794200e+00 6.645600e+01 -1.030100e+01 -8.595700e+00 1.156700e+01 7.855100e+00 1.043100e+01 -9.924600e+00 3.282900e+00 5.016600e+00 7.094100e+01 -1.721200e+01 -1.780200e+01 1.785600e+01 5.571700e+00 5.907600e+00 -2.558800e+01 8.176500e+00 7.878200e+00 7.404400e+01 -7.699100e+00 -1.194400e+01 1.579600e+01 6.130900e+00 7.625700e+00 -2.010500e+01 -4.005000e+00 -8.605200e+00 -1
6.742500e+01 -4.369800e+00 9.881700e+00 2.045800e+01 5.924500e+00 5.113600e+00 -2.635000e+01 -3.478600e+00 -5.383900e+00 6.731700e+01 -3.762300e+00 7.780000e+00 2.077100e+01 5.216200e+00 5.497600e+00 -2.566200e+01 4.844400e+00 -4.430200e+00 7.276900e+01 1.726200e+00 1.010200e+01 1.399700e+01 7.114400e+00 4.466900e+00 8.813600e+00 5.011600e+00 3.131900e+00 6.437200e+01 1.363000e-01 8.941100e+00 2.046900e+01 6.792000e+00 5.270800e+00 -2.145300e+01 5.698500e+00 -4.808700e+00 8.099500e+01 5.063300e-01 7.201700e+00 1.941900e+01 7.436400e+00 6.370400e+00 -2.350100e+01 4.536400e+00 5.826900e+00 -1
4.950500e+01 -1.283300e+01 -6.534800e+00 1.389600e+01 4.449800e+00 3.252400e+00 -1.883900e+01 5.411000e+00 -3.237400e+00 5.560000e+01 -1.086100e+01 -3.876600e+00 1.711700e+01 4.891900e+00 3.081700e+00 -2.058900e+01 4.997600e+00 -1.977000e+00 6.716400e+01 -8.443400e+00 -2.538100e+00 1.013400e+01 3.313100e+00 2.346400e+00 7.732100e+00 -1.859300e+00 7.895500e-01 5.623200e+01 -9.676300e+00 -3.321900e+00 1.572400e+01 4.886000e+00 3.156000e+00 -1.923300e+01 6.024100e+00 1.842400e+00 7.409800e+01 -1.064300e+01 -3.596500e+00 1.291100e+01 4.197200e+00 2.338700e+00 -1.857900e+01 -5.688100e+00 -2.927200e+00 -1
5.470000e+01 -9.908300e+00 5.587600e+00 1.739400e+01 5.565900e+00 5.006600e+00 -2.005200e+01 5.442400e+00 9.986400e-01 6.111900e+01 -8.944200e+00 -3.126700e+00 2.266000e+01 5.765500e+00 6.010000e+00 -2.145100e+01 6.898300e+00 7.163100e+00 6.457500e+01 -4.096400e+00 4.826400e+00 1.374900e+01 6.944300e+00 6.749600e+00 1.223700e+01 2.713400e+00 3.776000e+00 6.462900e+01 -6.619200e+00 1.462400e+00 2.090800e+01 4.724900e+00 5.895400e+00 -2.078500e+01 4.703800e+00 3.682400e+00 8.033200e+01 -9.505000e+00 -4.725800e+00 1.666900e+01 4.738800e+00 4.541900e+00 -2.071600e+01 -4.786500e+00 -4.486400e+00 -1
4.492000e+01 -7.446100e+00 -4.138700e+00 1.358500e+01 3.090700e+00 2.449100e+00 -1.632900e+01 3.246600e+00 -4.734500e-01 6.068600e+01 -5.825400e+00 -2.271500e+00 1.940100e+01 4.403100e+00 3.021000e+00 -4.939100e+00 -5.237000e+00 -2.377500e+00 6.720500e+01 -2.457500e+00 1.274400e-01 1.503900e+01 2.824100e+00 3.191600e+00 1.288100e+01 1.549400e+00 2.514700e+00 6.691700e+01 -2.634300e+00 -1.925600e+00 2.725700e+01 4.070700e+00 4.583600e+00 -2.466100e+01 1.323800e+00 -4.189200e+00 7.619700e+01 -2.157100e+00 -1.485000e-01 2.525800e+01 2.338400e+00 3.001200e+00 -2.735200e+01 1.812700e+00 2.688800e+00 -1
7.005300e+01 -1.451700e+01 -1.030800e+01 1.935900e+01 5.143800e+00 3.552900e+00 -2.619100e+01 6.032100e+00 -2.471900e+00 6.802500e+01 -3.382200e-01 6.807800e+00 1.911400e+01 6.768200e+00 8.523200e+00 -2.646200e+01 -6.301500e+00 -9.207000e+00 6.863400e+01 -2.451500e+00 3.951400e+00 1.226400e+01 8.017400e+00 9.426900e+00 -1.115800e+01 -8.169300e+00 -8.845400e+00 6.962500e+01 -3.243100e+00 3.274600e+00 1.782500e+01 7.121700e+00 9.540900e+00 -2.425900e+01 -4.367000e+00 -6.128100e+00 7.484900e+01 4.227900e+00 1.316600e+01 1.508100e+01 6.747200e+00 4.161900e+00 -2.086600e+01 1.099600e+01 5.533500e+00 -1
6.754500e+01 -4.176300e+00 4.155500e+00 1.993200e+01 3.572900e+00 2.819000e+00 -2.696000e+01 -4.187300e+00 -2.331500e+00 6.500100e+01 -4.039800e+00 3.765200e+00 1.873500e+01 3.102900e+00 2.695700e+00 -2.526600e+01 2.756400e+00 -3.284200e+00 6.904900e+01 -2.321400e+00 4.026800e+00 1.126600e+01 2.147900e+00 2.876400e+00 -7.458600e+00 -8.198800e-01 1.289600e+00 6.515400e+01 -3.860200e+00 4.401700e+00 1.869700e+01 2.630100e+00 2.935100e+00 -2.348100e+01 1.615600e+00 -2.479200e+00 7.161400e+01 -4.576200e+00 6.166200e+00 1.397100e+01 6.116100e+00 3.426400e+00 -2.062100e+01 -1.011300e+01 4.660300e+00 -1
6.701100e+01 -1.171700e+01 -1.924100e+01 1.692300e+01 5.095700e+00 4.105000e+00 -2.452500e+01 7.401500e+00 2.924600e+00 6.520700e+01 -3.540900e+00 -6.190400e+00 1.795500e+01 1.006800e+01 1.272000e+01 -2.470000e+01 5.704800e+00 7.161300e+00 7.108300e+01 -2.059300e-01 -2.149000e+00 9.300400e+00 9.487900e+00 1.173000e+01 -6.172100e+00 -5.675600e+00 -7.914100e+00 6.853800e+01 -6.125100e+00 -8.083100e+00 1.811600e+01 7.842100e+00 1.074600e+01 -2.504000e+01 6.603300e+00 8.083200e+00 6.850400e+01 -1.105100e+00 7.534700e+00 1.375500e+01 7.478800e+00 5.276900e+00 -1.858400e+01 -1.028100e+01 5.170300e+00 -1
6.019100e+01 2.807600e+00 6.200800e+00 1.718400e+01 7.625600e+00 3.346000e+00 -2.357600e+01 -6.904500e+00 9.954000e-01 6.436300e+01 -6.339400e-01 5.931300e+00 1.923600e+01 5.078900e+00 4.428400e+00 -2.503500e+01 6.968800e-01 -3.884900e+00 7.259200e+01 1.274400e+00 6.564000e+00 1.154000e+01 5.316800e+00 3.395900e+00 1.021100e+01 4.300100e+00 1.804300e+00 6.341900e+01 9.140100e-01 5.892400e+00 1.533300e+01 6.706300e+00 3.451400e+00 -2.128000e+01 4.889800e+00 -2.963800e+00 6.694900e+01 -4.684600e+00 4.633100e+00 1.258300e+01 6.392800e+00 3.804600e+00 -1.940100e+01 -8.896500e+00 4.835600e+00 -1
7.692700e+01 -1.067500e+01 -1.647900e+01 2.021900e+01 4.589900e+00 4.803500e+00 -2.851100e+01 7.028300e+00 -5.081300e+00 7.207600e+01 -6.752200e+00 -9.420100e+00 2.279900e+01 5.087300e+00 7.305800e+00 -2.764900e+01 4.627800e+00 5.914200e+00 6.914300e+01 -4.753400e+00 -5.077900e+00 1.491600e+01 4.438500e+00 6.919900e+00 -3.351000e+00 1.855200e+00 -2.450600e+00 7.686800e+01 -7.909300e+00 -1.090500e+01 1.989800e+01 3.159100e+00 4.594500e+00 -2.807500e+01 4.449400e+00 5.662700e+00 7.277100e+01 -5.400400e+00 -6.581500e+00 1.624500e+01 3.098300e+00 5.012500e+00 -2.223000e+01 -3.429100e+00 3.372500e+00 -1
5.499500e+01 3.805400e+00 1.978300e+00 1.591400e+01 4.772300e+00 2.753500e+00 -2.185100e+01 4.904000e+00 1.785600e+00 6.104000e+01 4.553000e+00 4.576300e+00 1.745100e+01 5.049600e+00 4.914700e+00 -2.315200e+01 2.319300e+00 -5.038400e+00 6.765600e+01 6.100900e+00 6.740600e+00 6.706500e+00 3.821900e+00 3.934600e+00 3.165800e+00 -1.031500e+00 2.716700e+00 5.883700e+01 1.004900e+00 3.760700e+00 1.654300e+01 5.326100e+00 5.450300e+00 -2.051700e+01 -3.157800e+00 -4.554300e+00 7.691300e+01 -5.370500e+00 -6.320700e+00 1.320600e+01 3.595900e+00 9.693500e+00 -1.897100e+01 4.208200e+00 -3.338600e+00 -1
7.458900e+01 8.194800e-01 -4.903300e+00 2.024200e+01 3.937400e+00 8.934600e+00 -2.715400e+01 -2.907100e+00 -1.145000e+01 7.321500e+01 8.624700e-01 1.011900e+00 2.067500e+01 3.590100e+00 3.148500e+00 -2.835400e+01 2.424900e+00 -4.156800e+00 7.249600e+01 1.388300e+00 3.825000e+00 1.017800e+01 3.419000e+00 2.629500e+00 6.788500e+00 -3.105000e+00 -9.490800e-01 6.891800e+01 6.366400e-01 2.753200e+00 1.888100e+01 3.829100e+00 2.823600e+00 -2.360000e+01 -4.553800e+00 -1.783000e+00 6.891000e+01 -7.899000e+00 4.961700e+00 1.399900e+01 9.691700e+00 5.341100e+00 -1.647000e+01 -1.353100e+01 7.876300e+00 -1
7.861700e+01 -6.638100e+00 -1.717500e+01 2.065200e+01 4.251300e+00 3.504700e+00 -3.059100e+01 5.581600e+00 -1.565900e+00 7.217400e+01 -3.932100e+00 -6.004700e+00 1.489400e+01 4.176100e+00 1.372100e+01 -1.935100e+01 4.239400e+00 -1.046900e+01 7.488400e+01 -2.959900e+00 -4.869800e+00 1.063800e+01 4.422300e+00 9.658200e+00 -9.979700e+00 5.052100e+00 5.490600e+00 6.886300e+01 -5.356900e+00 -5.399800e+00 2.080400e+01 3.989500e+00 1.276700e+01 -2.644200e+01 4.635300e+00 -5.655800e+00 6.016500e+01 -2.859900e+00 8.388900e+00 1.445100e+01 3.019400e+00 3.403500e+00 -2.123100e+01 -9.725600e-01 -4.880100e+00 -1
8.748700e+01 -7.115500e+00 -6.678000e+00 2.373700e+01 5.460100e+00 8.427000e+00 -3.336400e+01 6.429800e+00 -9.337100e+00 72 -1.874900e+00 7.663600e+00 2.065700e+01 5.148500e+00 6.860900e+00 -2.748900e+01 -3.386700e+00 -8.351500e+00 7.417600e+01 -4.687200e-02 9.218700e+00 7.180100e+00 2.758000e+00 3.804600e+00 -4.785100e+00 -2.656400e+00 -4.242600e+00 6.874200e+01 -2.252500e+00 8.539600e+00 1.962700e+01 3.983900e+00 5.580600e+00 -2.459300e+01 -2.207400e+00 -6.584800e+00 7.076800e+01 -4.349800e+00 1.226500e+01 1.232400e+01 3.908300e+00 2.884700e+00 -1.995800e+01 -6.862700e+00 3.199400e+00 -1
7.157300e+01 4.284000e+00 2.590600e+00 2.085600e+01 5.038600e+00 4.526600e+00 -2.897300e+01 3.110100e+00 6.182200e+00 6.406600e+01 -1.156500e+01 1.652100e+01 1.713200e+01 6.975700e+00 7.287900e+00 -2.465700e+01 7.960100e+00 -8.242500e+00 6.725500e+01 -6.430000e+00 1.425100e+01 6.389700e+00 8.431900e+00 7.044200e+00 -4.254100e+00 6.307400e+00 -5.410900e+00 6.313100e+01 -7.159300e+00 1.397000e+01 1.621700e+01 7.160400e+00 7.975800e+00 -2.244500e+01 6.342000e+00 -7.352800e+00 6.615300e+01 -1.543900e+01 2.045000e+01 9.792600e+00 7.827100e+00 3.972400e+00 -1.571900e+01 -1.231900e+01 2.582100e+00 -1
