150 46
7.237200e+01 -1.240800e+01 -2.268600e+01 1.582900e+01 3.349400e+00 4.003400e+00 -2.447600e+01 5.560000e+00 6.917000e+00 7.215700e+01 -1.145600e+01 -2.189100e+01 1.834700e+01 4.371100e+00 3.356700e+00 -2.654500e+01 6.859500e+00 4.436500e+00 6.827300e+01 -8.317300e+00 -1.061800e+01 1.683800e+01 5.782000e+00 1.364300e+01 -1.582300e+01 3.084700e+00 8.630800e+00 7.398900e+01 -1.237600e+01 -2.161600e+01 1.173100e+01 3.168200e+00 5.214100e+00 -1.730200e+01 -3.553300e+00 -6.762000e+00 7.175800e+01 -1.086300e+01 -2.115700e+01 1.903800e+01 4.534900e+00 4.665600e+00 -2.745600e+01 6.634600e+00 6.648100e+00 +1
6.387600e+01 1.615900e+00 -3.089900e+01 1.583200e+01 3.106200e+00 3.432700e+00 -2.302600e+01 4.511800e+00 2.918800e+00 6.425400e+01 1.754000e+00 -3.146900e+01 1.630000e+01 2.760600e+00 5.797000e+00 -2.420900e+01 3.738100e+00 9.446600e+00 6.860000e+01 1.841900e+00 -2.529300e+01 8.727300e+00 2.128800e+00 1.523800e+01 -9.501400e+00 1.103700e+00 1.868800e+01 6.547900e+01 1.389800e+00 -3.116900e+01 1.451700e+01 2.152000e+00 5.409500e+00 -2.247000e+01 3.291600e+00 9.387100e+00 6.657000e+01 1.578900e+00 -3.010800e+01 8.879400e+00 3.647500e+00 9.096700e+00 -1.436400e+01 5.828400e+00 8.162000e+00 +1
6.601500e+01 -1.136000e+01 -2.056500e+01 1.431100e+01 3.843000e+00 2.738700e+00 -2.246800e+01 6.293300e+00 4.026200e+00 6.506100e+01 -1.246300e+01 -1.697400e+01 1.837300e+01 2.995800e+00 5.811600e+00 -2.557600e+01 4.581300e+00 7.779400e+00 7.083300e+01 -1.076100e+01 -1.581000e+01 1.068800e+01 4.066700e+00 9.096300e+00 -1.202700e+01 3.434100e+00 1.107300e+01 6.936000e+01 -1.215800e+01 -1.870000e+01 9.700100e+00 1.704100e+00 3.806300e+00 -1.562300e+01 2.839500e+00 -4.946300e+00 6.573800e+01 -1.141300e+01 -1.700300e+01 1.938800e+01 3.827600e+00 4.549200e+00 -2.694900e+01 5.666200e+00 6.856500e+00 +1
7.007900e+01 -1.364000e+01 -1.527800e+01 1.527800e+01 3.661700e+00 2.253000e+00 -2.392100e+01 6.032000e+00 3.079600e+00 6.704200e+01 -1.381300e+01 -1.233600e+01 1.938600e+01 4.721500e+00 2.741500e+00 -2.545000e+01 4.501300e+00 3.362900e+00 7.454400e+01 -1.028000e+01 -8.191600e+00 1.255100e+01 3.443000e+00 9.454800e+00 -1.359100e+01 3.062900e+00 9.911500e+00 6.843300e+01 -1.437400e+01 -1.230300e+01 1.298000e+01 3.486600e+00 4.160000e+00 -1.630200e+01 -4.193600e+00 -3.795700e+00 4.946000e+01 -1.983100e+01 -1.041800e+01 1.568800e+01 7.999500e+00 4.247200e+00 -1.851100e+01 8.731100e+00 5.632300e+00 +1
5.890300e+01 -6.465700e+00 -4.638900e+00 1.962900e+01 3.345700e+00 3.940500e+00 -2.234900e+01 4.118000e+00 -2.319400e+00 7.172200e+01 -6.476500e+00 -8.954200e+00 2.043000e+01 3.916200e+00 6.733200e+00 -2.749200e+01 5.688800e+00 7.816300e+00 8.171900e+01 -8.375700e-01 6.862900e+00 6.334900e+00 2.839500e+00 7.887300e+00 -5.864100e+00 -3.032400e+00 -8.142700e+00 7.403600e+01 -7.141300e+00 -1.019200e+01 1.982900e+01 2.829800e+00 4.501000e+00 -2.695000e+01 4.300800e+00 5.818300e+00 8.015000e+01 -6.372400e+00 -1.053800e+01 1.287000e+01 2.044500e+00 7.403500e+00 -2.006000e+01 2.410300e+00 -1.338000e+00 +1
6.674700e+01 3.267600e-01 1.050600e+01 2.635500e+01 4.303400e+00 8.614000e+00 -2.584000e+01 1.365000e+00 8.232600e+00 7.407700e+01 -4.766100e-01 2.660800e+00 2.028600e+01 3.220000e+00 4.724600e+00 -2.924500e+01 3.494400e+00 -4.007500e+00 7.917800e+01 -8.157100e-01 8.632000e+00 1.144500e+01 3.957000e+00 7.215400e+00 -7.893800e+00 -3.023700e+00 8.345200e+00 7.694100e+01 1.404200e+00 8.076800e+00 1.990800e+01 3.264900e+00 6.410800e+00 -2.650200e+01 2.498100e+00 8.003300e+00 7.980000e+01 2.168000e+00 6.111500e+00 1.655600e+01 4.791400e+00 3.687700e+00 -2.383000e+01 7.139800e+00 5.189700e+00 +1
6.399300e+01 -8.033000e+00 -6.438500e-02 1.746200e+01 9.998100e+00 1.370400e+01 -2.372300e+01 5.331800e+00 1.097800e+01 5.882200e+01 1.131300e+00 1.092800e+01 1.835300e+01 9.234300e+00 1.377900e+01 -2.145200e+01 -7.655100e+00 3.379900e+00 6.803300e+01 1.486700e+00 1.501300e+01 1.299300e+01 6.386400e+00 1.214500e+01 1.157800e+01 -5.343600e+00 4.609400e+00 5.498500e+01 8.109000e-01 8.880200e+00 1.704700e+01 7.066000e+00 1.080900e+01 -1.838600e+01 -5.935700e+00 -4.940800e+00 5.466800e+01 1.475100e+00 1.571600e+01 1.199400e+01 4.953000e+00 6.347800e+00 -1.480100e+01 6.771400e+00 -6.447000e+00 +1
8.710000e+01 -8.369000e+00 -8.787400e+00 2.377300e+01 3.052800e+00 4.310300e+00 -3.421500e+01 4.657900e+00 -5.178400e+00 8.427600e+01 -7.008600e+00 -4.667300e+00 2.350900e+01 3.705200e+00 7.823500e+00 -3.238300e+01 4.840400e+00 4.926700e+00 8.797400e+01 -4.485500e+00 2.873800e+00 9.467100e+00 2.943500e+00 5.371900e+00 -5.815800e+00 -2.188700e+00 3.748700e+00 8.800400e+01 -7.262500e+00 -5.861600e+00 2.217400e+01 3.660600e+00 4.358600e+00 -3.197000e+01 5.986300e+00 5.375000e+00 8.395300e+01 -6.207100e+00 -4.951600e+00 1.534600e+01 2.485400e+00 8.691100e+00 -2.144400e+01 2.361300e+00 -4.837300e+00 +1
8.647700e+01 -2.532900e+00 3.953900e+00 2.549100e+01 4.689500e+00 4.310900e+00 -3.466000e+01 -7.105200e+00 3.144600e+00 6.122900e+01 5.037700e-01 1.022600e+01 1.978900e+01 3.521400e+00 5.464800e+00 -2.152900e+01 4.295800e+00 -5.553100e+00 7.995200e+01 9.828600e-01 1.108700e+01 1.055600e+01 2.445600e+00 5.787700e+00 -7.519100e+00 -2.021500e+00 -4.981400e+00 8.340500e+01 -1.546300e-01 5.955600e+00 2.368500e+01 2.606900e+00 6.596100e+00 -2.946900e+01 4.230700e+00 6.512200e+00 6.179300e+01 -1.903500e-01 1.017300e+01 1.373700e+01 4.468200e+00 9.266900e+00 -1.478900e+01 6.256000e+00 -1.087300e+01 +1
7.614100e+01 -5.426400e+00 -1.170100e+01 2.066200e+01 2.705300e+00 4.071200e+00 -2.977300e+01 4.151300e+00 -5.521500e+00 7.292400e+01 -4.889400e+00 1.680400e+00 1.973300e+01 4.031600e+00 1.446600e+01 -2.850400e+01 5.043800e+00 7.351200e+00 7.579400e+01 -2.088700e+00 5.875900e+00 9.082200e+00 5.491000e+00 1.361700e+01 -9.516000e+00 4.867800e+00 -8.890400e+00 7.349700e+01 -3.682900e+00 3.837400e+00 1.673900e+01 4.386600e+00 1.404000e+01 -2.538100e+01 4.642200e+00 -6.511400e+00 7.681700e+01 -3.655200e-01 1.151100e+01 1.509300e+01 4.980300e+00 5.767700e+00 -2.293400e+01 5.872700e+00 5.774600e+00 +1
7.558500e+01 -5.484300e+00 -1.232000e+01 2.039100e+01 2.796200e+00 4.074600e+00 -2.962500e+01 4.249200e+00 -5.693800e+00 7.216000e+01 -4.792500e+00 2.380900e+00 1.949100e+01 4.100700e+00 1.425700e+01 -2.816500e+01 5.160400e+00 3.814800e+00 7.505000e+01 -1.672400e+00 7.415000e+00 8.325500e+00 5.841600e+00 1.382800e+01 -7.616100e+00 5.233700e+00 -1.025500e+01 7.157900e+01 -2.384400e+00 4.951700e+00 1.727000e+01 5.476300e+00 1.383000e+01 -2.491100e+01 5.562100e+00 -6.907800e+00 7.621400e+01 -9.407800e-02 1.088500e+01 1.483900e+01 4.731400e+00 5.680100e+00 -2.250800e+01 6.184200e+00 6.073700e+00 +1
5.559900e+01 2.423800e+00 6.267000e+00 1.614600e+01 4.668500e+00 3.913700e+00 -2.190900e+01 4.489800e+00 -3.631100e+00 6.137700e+01 3.749400e+00 9.449700e+00 1.744400e+01 5.628300e+00 6.271900e+00 -2.319700e+01 -2.737300e+00 -6.701700e+00 6.901600e+01 3.851200e+00 1.195500e+01 6.991000e+00 3.456300e+00 5.046500e+00 2.296100e+00 1.791900e+00 3.567200e+00 6.153100e+01 6.891000e-01 9.349200e+00 1.610800e+01 6.282900e+00 8.095100e+00 -2.113100e+01 -3.449700e+00 -6.791900e+00 7.632800e+01 -9.587900e+00 -4.184900e+00 1.213900e+01 4.995600e+00 1.221000e+01 -1.731500e+01 4.969600e+00 1.064500e+01 +1
7.567000e+01 6.030400e-01 -1.056200e+01 2.145200e+01 2.307000e+00 4.653400e+00 -3.082800e+01 3.285000e+00 -6.816500e+00 6.951400e+01 -3.534500e+00 -2.583000e+00 2.317000e+01 3.688900e+00 1.141800e+01 -2.675200e+01 2.748300e+00 6.583900e+00 7.388200e+01 -4.665000e+00 -3.686500e+00 1.530300e+01 2.866600e+00 1.113400e+01 -1.348600e+01 -3.202800e+00 8.462900e+00 6.876000e+01 -4.604100e+00 -2.856600e+00 2.081300e+01 3.919400e+00 1.203800e+01 -2.373400e+01 6.852200e-01 7.324700e+00 5.808200e+01 -8.026800e+00 1.297300e+01 1.105900e+01 4.356100e+00 3.205100e+00 -1.611700e+01 -6.423600e+00 -1.069400e+00 +1
6.306600e+01 -2.658100e+00 1.824100e+00 1.850900e+01 3.480600e+00 3.255100e+00 -2.600400e+01 3.153400e+00 -2.486100e+00 6.676300e+01 -3.635700e+00 -3.621500e-01 1.854700e+01 3.927200e+00 4.804300e+00 -2.627500e+01 3.445000e+00 -2.708000e+00 7.243000e+01 -3.315000e+00 1.430600e-01 9.173800e+00 5.487300e+00 5.858300e+00 -8.863600e+00 -3.225800e+00 -1.725400e+00 6.413000e+01 -3.195600e+00 2.051600e+00 1.737200e+01 4.909300e+00 4.881500e+00 -2.353100e+01 -2.434000e+00 4.173000e+00 6.746000e+01 -5.240900e+00 -1.527200e+00 1.315400e+01 3.901200e+00 5.478000e+00 -1.900700e+01 -4.194000e+00 -4.098800e+00 +1
5.116300e+01 -1.074000e+01 -1.917200e-01 1.709200e+01 4.369000e+00 5.195100e+00 -1.679700e+01 4.242900e+00 -5.270000e+00 6.758300e+01 -9.129000e+00 -1.692400e+00 2.500900e+01 6.557200e+00 9.202500e+00 -2.503600e+01 3.679500e+00 -4.095700e+00 6.937700e+01 -8.205900e+00 5.526300e-01 1.745800e+01 5.009200e+00 5.532500e+00 1.372200e+01 -3.500800e+00 -5.188100e+00 5.315900e+01 -1.133800e+01 1.245400e+00 1.768500e+01 7.258000e+00 6.333800e+00 1.367500e+01 -7.410600e+00 5.445600e+00 6.722500e+01 -1.223100e+01 -6.362100e+00 2.542500e+01 7.880200e+00 9.713800e+00 -2.493300e+01 6.954800e+00 7.018500e+00 +1
6.304400e+01 -1.927200e+01 -1.293500e+01 2.038600e+01 9.608000e+00 1.090300e+01 -2.095500e+01 7.754100e+00 8.167100e+00 5.410400e+01 -1.092800e+01 4.391700e+00 1.713100e+01 6.620800e+00 6.451600e+00 -2.053500e+01 5.774700e+00 -6.936600e+00 7.182900e+01 -1.682700e+01 -6.404000e+00 1.250800e+01 1.287000e+01 1.306200e+01 -1.021300e+01 -8.144500e+00 -5.658600e+00 7.309900e+01 -2.382200e+01 -1.232600e+01 2.094000e+01 1.136600e+01 9.308100e+00 -2.442800e+01 1.180200e+01 6.877400e+00 7.117600e+01 -1.997700e+01 -9.297900e+00 1.660000e+01 1.014800e+01 1.223600e+01 -1.739400e+01 3.920500e+00 9.416700e+00 +1
6.399800e+01 -1.581500e+01 4.422000e+00 1.677000e+01 6.781500e+00 5.497900e+00 -2.112900e+01 7.240700e+00 -4.567900e+00 6.642800e+01 -1.858600e+01 -3.491800e+00 2.081100e+01 6.939000e+00 8.405200e+00 -2.320600e+01 7.202000e+00 -3.239500e+00 7.173700e+01 -1.471800e+01 -1.252700e+00 1.554300e+01 8.044700e+00 4.922500e+00 9.410000e+00 4.208100e+00 -4.016500e+00 7.214000e+01 -1.545400e+01 1.736400e-01 1.889800e+01 8.817200e+00 8.329100e+00 -1.277300e+01 -8.138300e+00 -4.817200e+00 7.486300e+01 -1.682100e+01 -6.881100e+00 2.389000e+01 9.205200e+00 8.656600e+00 -2.702300e+01 9.128200e+00 5.010400e+00 +1
3.209600e+01 -5.076500e+00 2.504600e+00 9.814100e+00 2.805500e+00 2.456500e+00 -1.269900e+01 2.019400e+00 3.455100e+00 4.614300e+01 -1.351800e+00 1.623100e+01 2.214900e+01 6.734900e+00 1.889200e+01 1.432200e+01 6.359200e+00 1.921400e+01 5.372700e+01 -2.612900e+00 1.649100e+01 1.918300e+01 5.407800e+00 1.552200e+01 1.571200e+01 3.985500e+00 1.570100e+01 5.717600e+01 2.495500e-01 2.342900e+01 2.113600e+01 6.780100e+00 1.850800e+01 -1.749800e+01 6.909500e+00 1.570300e+01 7.101600e+01 6.660200e+00 4.078200e+01 1.625900e+01 7.185700e+00 1.639700e+01 -1.564400e+01 1.020600e+01 1.625400e+01 +1
5.009600e+01 -1.526600e+01 5.584100e+00 17 6.121000e+00 9.285800e+00 -1.700300e+01 4.433200e+00 -7.317100e+00 5.973000e+01 -1.413200e+01 3.871900e+00 2.210000e+01 6.191200e+00 1.036300e+01 -1.954800e+01 7.471700e+00 5.307600e+00 63 -7.912700e+00 1.190000e+01 1.765100e+01 7.829000e+00 6.262700e+00 1.569300e+01 -2.526000e+00 7.073200e+00 5.506500e+01 -1.313700e+01 6.767100e+00 1.799300e+01 8.086300e+00 1.035000e+01 -1.537500e+01 7.663400e+00 -5.908800e+00 6.066100e+01 -3.268900e+00 1.905200e+01 1.819500e+01 1.050900e+01 1.072300e+01 -9.377700e+00 9.352100e+00 1.116000e+01 +1
6.122100e+01 -2.342600e+01 1.623600e+01 1.785900e+01 1.001100e+01 9.624800e+00 -1.873000e+01 -4.441400e+00 5.090400e+00 5.801900e+01 -2.359000e+01 1.745000e+01 1.617100e+01 9.023800e+00 7.763600e+00 -2.086100e+01 7.580300e+00 -3.069400e+00 6.868900e+01 -1.996800e+01 1.277300e+01 1.091100e+01 1.160300e+01 9.196900e+00 4.819300e+00 -9.022600e+00 7.734300e+00 5.433600e+01 -2.640100e+01 1.520700e+01 1.597400e+01 1.476000e+01 8.720300e+00 8.364100e+00 -1.101000e+01 8.984300e+00 5.822800e+01 -9.643600e+00 1.055800e+01 1.793800e+01 9.632600e+00 7.424900e+00 -2.182500e+01 -9.325100e+00 7.025500e+00 +1
4.246000e+01 -1.746700e+01 7.868400e+00 1.441900e+01 7.114200e+00 5.668200e+00 -1.469300e+01 4.858900e+00 3.388200e+00 5.519200e+01 -1.436200e+01 1.306100e+01 1.765500e+01 6.231000e+00 7.069100e+00 -2.038900e+01 4.446000e+00 -4.643600e+00 6.488400e+01 -1.041700e+01 1.205800e+01 1.649600e+01 6.112800e+00 9.074800e+00 1.041000e+01 -5.051100e+00 8.943500e+00 5.263300e+01 -8.133400e+00 8.384200e+00 1.845200e+01 8.607400e+00 9.515600e+00 -1.472400e+01 5.332400e+00 8.214600e+00 5.758900e+01 -6.500400e+00 1.922500e+01 1.643700e+01 1.427700e+01 1.084200e+01 -1.282900e+01 -2.830300e+00 6.738100e+00 +1
6.095400e+01 1.070100e+01 1.407500e+01 2.313900e+01 6.077900e+00 9.495900e+00 -2.142600e+01 5.831600e+00 1.039700e+01 5.949100e+01 4.510600e+00 1.307200e+01 2.202600e+01 6.815400e+00 8.122600e+00 -2.206400e+01 -5.343400e+00 4.692800e+00 7.266500e+01 8.030800e+00 1.698900e+01 1.534400e+01 4.978400e+00 9.977100e+00 -1.115700e+01 -2.201000e+00 8.951900e+00 6.610900e+01 8.469900e+00 1.572600e+01 1.936900e+01 4.750700e+00 7.636700e+00 -2.179200e+01 4.387100e+00 6.700200e+00 6.477600e+01 -1.291100e+00 1.569400e+01 1.600800e+01 6.923400e+00 5.299600e+00 -1.706400e+01 -7.808400e+00 6.398600e+00 +1
6.477800e+01 -2.067300e+00 5.008100e+00 1.985300e+01 4.264100e+00 4.358600e+00 -2.590200e+01 4.573200e+00 -3.706200e+00 6.449400e+01 -4.140600e+00 4.913700e+00 1.862600e+01 3.611700e+00 3.796700e+00 -2.507600e+01 4.474200e+00 -2.867000e+00 7.286500e+01 -1.215800e+00 9.216000e+00 8.376400e+00 4.517200e+00 6.451400e+00 -3.811400e+00 4.188900e+00 6.904000e+00 6.963400e+01 -3.204800e+00 5.461200e+00 1.656700e+01 3.612000e+00 3.907600e+00 -2.377000e+01 4.076600e+00 -2.611800e+00 6.899600e+01 -4.990400e+00 6.436000e+00 1.451300e+01 5.907400e+00 4.775300e+00 -2.032000e+01 -9.180400e+00 5.463100e+00 +1
7.545200e+01 1.111200e+00 1.303600e+01 1.790800e+01 4.345700e+00 5.234900e+00 -2.573000e+01 4.789200e+00 2.863300e+00 7.040200e+01 3.449100e-01 8.817500e+00 2.127000e+01 4.980500e+00 6.923500e+00 -2.821900e+01 5.460800e+00 6.829200e+00 7.257900e+01 5.138100e-01 1.222900e+01 1.023300e+01 4.058200e+00 6.231300e+00 -8.636500e+00 2.975000e+00 4.635800e+00 6.822700e+01 -9.064500e-01 9.951100e+00 1.733300e+01 6.175600e+00 5.549600e+00 -2.034600e+01 4.298800e+00 5.185400e+00 6.544300e+01 -2.776100e+00 6.575500e+00 2.078000e+01 3.889100e+00 6.154500e+00 -2.543800e+01 3.966200e+00 -5.817000e+00 +1
5.373400e+01 -1.579200e+01 2.330900e+01 1.689700e+01 1.120700e+01 1.208000e+01 -1.702100e+01 -8.309400e+00 -9.706300e+00 5.255500e+01 -1.165500e+01 1.924800e+01 1.861600e+01 8.634400e+00 1.018400e+01 -1.883900e+01 -8.137300e+00 -6.429000e+00 7.049800e+01 -6.220800e+00 2.076700e+01 8.695600e+00 3.540500e+00 7.274600e+00 -9.708000e+00 2.823000e+00 7.012300e+00 5.652400e+01 -1.523200e+01 2.574900e+01 1.070900e+01 8.540700e+00 9.224500e+00 -1.246600e+01 -1.145300e+01 -5.890900e+00 6.135000e+01 -8.521400e+00 1.720900e+01 1.829400e+01 4.828000e+00 8.355600e+00 -2.327400e+01 4.523400e+00 5.807800e+00 +1
6.055200e+01 -4.601700e+00 7.986000e+00 1.871900e+01 8.774100e+00 7.497200e+00 -2.235800e+01 7.420800e+00 5.090200e+00 5.968800e+01 -3.583600e+00 9.261800e+00 1.919300e+01 8.412000e+00 8.174400e+00 -2.149400e+01 5.321200e+00 7.870300e+00 6.704400e+01 -3.303600e-01 1.142500e+01 9.214200e+00 6.129800e+00 5.850200e+00 6.303100e+00 4.327100e+00 5.675800e+00 5.848300e+01 -1.204100e+01 2.246100e+00 1.401000e+01 5.422000e+00 4.578000e+00 -1.968900e+01 -3.867400e+00 -2.659500e+00 6.306900e+01 -1.005900e+01 4.319800e+00 1.316400e+01 7.284600e+00 5.918500e+00 -1.516900e+01 -1.059200e+01 5.967300e+00 +1
6.647400e+01 1.812000e+00 1.026800e+01 2.141500e+01 8.284400e+00 6.639000e+00 -2.455300e+01 6.091900e+00 -5.016200e+00 6.345500e+01 2.672000e+00 1.192900e+01 2.188700e+01 6.551300e+00 6.927700e+00 -2.314400e+01 2.145800e+00 6.378000e+00 6.397800e+01 -1.194900e+00 7.497400e+00 1.048700e+01 6.427700e+00 7.782500e+00 -6.844600e+00 -3.084900e+00 2.204200e+00 5.848900e+01 -1.037100e+01 -1.537100e+00 1.426200e+01 5.630100e+00 4.521400e+00 -1.989700e+01 -4.902800e+00 -4.425700e+00 5.966100e+01 -8.958900e+00 4.126400e+00 1.318500e+01 8.141800e+00 6.097100e+00 -1.437200e+01 -9.090300e+00 5.428500e+00 +1
6.617500e+01 -7.323400e+00 1.363400e+01 1.771400e+01 8.907300e+00 6.681800e+00 -2.337200e+01 -3.873600e+00 -5.202800e+00 5.986700e+01 -8.679700e+00 5.670700e+00 1.796200e+01 7.257700e+00 5.882600e+00 -2.230800e+01 3.919300e+00 4.954800e+00 6.963100e+01 -4.418000e+00 9.578000e+00 7.227900e+00 7.975500e+00 6.404800e+00 -3.975200e+00 5.765500e+00 6.068900e+00 6.440300e+01 -1.161600e+01 1.008500e+01 1.230400e+01 8.844900e+00 7.749900e+00 -1.654200e+01 -9.979000e+00 5.148200e+00 5.760600e+01 -1.011500e+01 6.091000e+00 1.686600e+01 5.606800e+00 6.372000e+00 -2.166300e+01 5.157800e+00 3.473400e+00 +1
7.028600e+01 6.186700e-01 1.177900e+01 2.145900e+01 6.332900e+00 4.220700e+00 -2.740400e+01 7.203200e+00 -4.129200e+00 6.778100e+01 6.403400e-01 1.187300e+01 1.914100e+01 5.801500e+00 4.291000e+00 -2.672900e+01 4.912600e+00 -5.833300e+00 7.528900e+01 -4.142700e+00 1.228100e+01 1.362900e+01 2.947900e+00 3.966600e+00 -9.490600e+00 3.325800e+00 1.893100e+00 6.533900e+01 -4.309100e+00 1.092200e+01 1.890100e+01 5.154300e+00 6.941700e+00 -2.271200e+01 5.871300e+00 6.260000e+00 7.164500e+01 -6.859600e+00 1.307100e+01 1.396900e+01 5.926800e+00 4.904700e+00 -1.994800e+01 -9.791500e+00 3.806000e+00 +1
6.559900e+01 -2.049300e+01 -1.617500e-01 1.809100e+01 5.708600e+00 4.532000e+00 -2.402600e+01 -4.789300e+00 5.781600e+00 6.196400e+01 -2.083800e+01 -1.383600e-01 1.726700e+01 6.143000e+00 3.814300e+00 -2.313400e+01 7.240500e+00 4.685200e+00 7.000800e+01 -1.670300e+01 2.699700e+00 5.777000e+00 6.692100e+00 1.046300e+01 -6.316500e+00 7.078700e+00 1.247900e+01 6.021100e+01 -2.133800e+01 -2.137000e-01 1.450400e+01 6.489200e+00 2.962700e+00 -2.101700e+01 9.423000e+00 3.095400e+00 6.256200e+01 -2.251400e+01 -1.049900e+00 9.421100e+00 6.182200e+00 4.492800e+00 -1.389400e+01 -8.845700e+00 6.598600e+00 +1
6.134700e+01 4.988200e+00 1.869500e+01 1.496200e+01 4.074800e+00 6.501700e+00 -2.152400e+01 3.754700e+00 -6.317200e+00 6.323000e+01 7.317800e+00 2.359600e+01 1.766200e+01 6.100100e+00 8.808400e+00 -2.393700e+01 6.848400e+00 -3.988500e+00 6.431900e+01 4.397700e+00 2.153100e+01 1.571700e+01 6.853100e+00 1.046500e+01 -1.373500e+01 -5.014200e+00 6.945500e+00 6.353800e+01 4.894400e+00 2.406400e+01 1.372000e+01 8.537500e+00 7.547500e+00 -1.686900e+01 8.657700e+00 3.168400e+00 6.236900e+01 6.163600e+00 2.123300e+01 1.703100e+01 7.766900e+00 6.631200e+00 -2.441100e+01 1.975700e+00 -8.544200e+00 +1
6.609400e+01 -6.569300e+00 1.850000e+01 1.837500e+01 4.580400e+00 4.481300e+00 -2.627100e+01 5.097100e+00 -6.694700e+00 6.494200e+01 -4.285600e+00 1.854200e+01 1.892900e+01 3.603400e+00 6.601800e+00 -2.601100e+01 3.593500e+00 -8.045200e+00 6.912600e+01 3.875100e+00 1.597800e+01 1.460800e+01 5.411900e+00 5.490100e+00 -1.419300e+01 -4.816100e+00 4.928100e+00 6.995300e+01 -2.543700e+00 1.977800e+01 1.580100e+01 5.313800e+00 5.429400e+00 -2.390400e+01 4.649700e+00 -6.285400e+00 6.698800e+01 -9.889200e-01 1.729300e+01 1.323200e+01 5.060600e+00 4.060500e+00 -1.849300e+01 -3.251500e+00 3.548200e+00 +1
4.113400e+01 -2.701200e+01 2.322400e+01 1.381700e+01 1.183200e+01 1.193800e+01 -1.185300e+01 8.027500e+00 -5.305000e+00 5.625700e+01 -1.926100e+01 8.574600e+00 1.890600e+01 9.582600e+00 1.068700e+01 -2.115400e+01 -5.842600e+00 1.100800e+01 6.290400e+01 -1.230300e+01 1.320000e+01 1.767900e+01 8.954300e+00 1.341100e+01 -1.339100e+01 3.367900e+00 1.081300e+01 5.531400e+01 -2.096900e+01 6.569400e+00 1.667900e+01 8.739400e+00 9.410300e+00 -1.893900e+01 9.040900e+00 1.003700e+01 6.248900e+01 -1.406700e+01 1.307300e+01 1.391900e+01 8.106900e+00 7.180600e+00 -1.621600e+01 -1.207100e+01 9.318900e+00 +1
5.783300e+01 -7.099400e+00 9.730200e+00 1.856200e+01 6.750100e+00 4.637600e+00 -2.068800e+01 6.297500e+00 -4.948600e+00 7.475200e+01 3.856100e+00 3.328500e+00 2.360500e+01 6.759200e+00 8.361300e+00 -2.885700e+01 -3.222700e+00 9.094000e+00 6.934900e+01 1.955400e+00 1.308600e+01 1.800200e+01 5.790000e+00 1.277100e+01 5.144000e+00 -2.919800e+00 7.701900e+00 8.203200e+01 6.841500e+00 9.652300e-01 1.997900e+01 5.956100e+00 4.456600e+00 -2.825400e+01 -5.498500e+00 5.040300e+00 8.332000e+01 7.692800e+00 1.776800e+00 1.595400e+01 7.981900e+00 6.061600e+00 -2.322100e+01 9.988200e+00 8.903300e+00 +1
7.259400e+01 -2.601300e+01 4.239600e+01 2.138000e+01 9.590600e+00 1.861300e+01 -2.623200e+01 6.563900e+00 8.392900e+00 5.483700e+01 -1.007500e+01 2.469700e+01 2.060600e+01 1.191000e+01 1.712000e+01 -1.891400e+01 -1.095000e+01 1.537200e+01 6.362700e+01 -8.721300e+00 2.526200e+01 1.669200e+01 1.041100e+01 1.537700e+01 1.035700e+01 -1.001000e+01 1.668900e+01 5.369400e+01 -1.356000e+01 2.730800e+01 1.895900e+01 1.131500e+01 1.709000e+01 -1.301200e+01 -8.118700e+00 1.510100e+01 6.187700e+01 -5.902600e+00 2.559000e+01 1.099600e+01 5.157300e+00 7.234600e+00 -1.579000e+01 -6.240800e+00 -5.368400e+00 +1
7.122300e+01 -5.855800e+00 1.899400e+01 2.546000e+01 5.511800e+00 9.583900e+00 -2.598900e+01 5.076200e+00 9.228000e+00 5.979800e+01 -8.864300e+00 2.113400e+01 2.399600e+01 5.653800e+00 1.206700e+01 -1.854000e+01 3.791200e+00 1.146200e+01 6.114100e+01 -6.144900e+00 1.906600e+01 2.085200e+01 5.977900e+00 8.067400e+00 1.440600e+01 -2.000300e+00 9.647100e+00 5.392000e+01 -1.061200e+01 2.148200e+01 2.161000e+01 5.978100e+00 1.175400e+01 7.201500e+00 4.657800e+00 1.004800e+01 4.107700e+01 -1.579600e+01 1.524900e+01 1.219800e+01 6.459600e+00 8.759700e+00 1.067300e+01 -8.679500e+00 1.003900e+01 +1
5.471600e+01 -7.059500e+00 1.470700e+01 1.980900e+01 1.001900e+01 7.079700e+00 -2.003300e+01 -7.512600e+00 4.361000e+00 5.024500e+01 -4.926600e+00 1.161500e+01 2.128200e+01 9.529100e+00 7.006000e+00 -1.517400e+01 -5.817200e+00 6.401700e+00 6.507300e+01 5.586100e-01 1.295200e+01 1.062300e+01 4.080100e+00 5.712900e+00 -8.655800e+00 -3.372500e+00 5.762400e+00 5.539400e+01 -2.225200e+00 1.316100e+01 1.485800e+01 3.845900e+00 7.308500e+00 -1.940900e+01 3.157200e+00 -6.271600e+00 6.442700e+01 4.992300e+00 1.572300e+01 1.504800e+01 6.413600e+00 6.061700e+00 -1.630700e+01 6.622400e+00 6.091100e+00 +1
4.400700e+01 -8.192800e+00 1.667100e+01 1.456100e+01 6.340100e+00 7.484100e+00 -1.445300e+01 -8.114300e+00 8.233700e+00 5.796100e+01 -1.331400e+01 2.324600e+01 2.218800e+01 1.261100e+01 1.344600e+01 -1.924700e+01 3.254900e+00 1.207500e+01 6.249800e+01 1.028100e+00 1.416500e+01 1.403300e+01 5.921500e+00 8.458300e+00 9.513400e+00 -3.859400e+00 1.079600e+01 5.004700e+01 -1.794600e+00 1.163200e+01 1.607000e+01 5.825700e+00 6.524200e+00 -1.434900e+01 5.344500e+00 -4.433900e+00 6.169500e+01 3.837300e+00 1.347900e+01 1.486500e+01 7.391200e+00 7.153000e+00 -1.716900e+01 4.367300e+00 7.406800e+00 +1
5.706300e+01 -1.247500e+01 1.814500e+01 1.696200e+01 5.468900e+00 6.627700e+00 -2.141500e+01 4.783800e+00 -5.492100e+00 5.672900e+01 -1.491000e+01 1.751200e+01 1.701100e+01 5.894100e+00 7.556700e+00 -2.122500e+01 6.595600e+00 -6.449400e+00 6.675200e+01 -1.275800e+01 1.361600e+01 1.216400e+01 6.047100e+00 6.042800e+00 1.096700e+01 4.200100e+00 3.622500e+00 6.231800e+01 -9.986000e+00 1.706800e+01 1.627000e+01 5.288500e+00 8.520100e+00 -2.034200e+01 -2.696700e+00 -4.963500e+00 6.179100e+01 -1.900700e+01 1.702800e+01 1.450300e+01 9.138700e+00 8.347800e+00 -9.481700e+00 -1.138300e+01 7.672800e+00 +1
5.208500e+01 3.560600e+00 3.487200e+00 1.685100e+01 3.650100e+00 3.343200e+00 -2.022900e+01 2.810300e+00 -3.563300e+00 5.003400e+01 5.407300e+00 1.322700e+00 1.725200e+01 3.738500e+00 2.802500e+00 -1.861500e+01 2.673200e+00 -2.917700e+00 7.183800e+01 4.577700e+00 7.043500e+00 1.592500e+01 2.453900e+00 3.689000e+00 -1.011900e+01 2.769500e+00 3.970700e+00 5.093300e+01 4.638100e+00 2.202600e+00 1.672700e+01 4.493200e+00 2.878200e+00 -1.634100e+01 -4.362000e+00 2.475900e+00 5.299400e+01 5.298600e+00 2.481100e+00 1.536200e+01 4.747200e+00 2.927500e+00 -1.477900e+01 5.816300e+00 3.909600e+00 +1
7.271600e+01 -4.249100e+00 -6.031600e+00 2.051400e+01 2.331300e+00 3.608700e+00 -2.951200e+01 3.205000e+00 -5.155500e+00 6.663600e+01 -3.576300e+00 1.967700e+00 2.181100e+01 4.975600e+00 9.342100e+00 -2.553400e+01 -1.554400e+00 6.006700e+00 7.001900e+01 -1.763900e+00 7.717800e+00 1.275700e+01 5.047800e+00 9.439000e+00 -3.866700e+00 -3.958900e+00 -6.707400e+00 5.754200e+01 -9.483400e+00 -4.844300e+00 1.578000e+01 5.412100e+00 5.400800e+00 -1.823000e+01 5.207100e+00 6.980600e+00 5.766100e+01 -2.364500e+00 6.374700e+00 1.239000e+01 8.780100e+00 8.810000e+00 -1.347600e+01 8.927300e+00 1.948100e+00 +1
5.608400e+01 -8.409100e+00 3.368200e+00 1.842600e+01 3.076600e+00 2.367700e+00 -1.953100e+01 1.868300e+00 2.542600e+00 5.135200e+01 -1.216900e+01 8.268400e+00 1.445000e+01 4.171700e+00 4.303900e+00 -2.017500e+01 4.078000e+00 -3.428300e+00 7.487900e+01 -5.923300e+00 8.064100e+00 1.162600e+01 4.451700e+00 5.129100e+00 9.922300e+00 -4.536600e+00 4.856500e+00 6.977300e+01 -8.945900e+00 1.063300e+01 2.195900e+01 7.797100e+00 9.172100e+00 -2.257700e+01 -7.529200e+00 9.130800e+00 6.054800e+01 -1.553100e+01 1.793000e+01 1.285300e+01 8.177300e+00 6.038500e+00 -1.284600e+01 -1.087100e+01 5.389400e+00 +1
4.740100e+01 -3.014400e+00 1.407800e+01 1.591100e+01 7.445800e+00 6.847700e+00 -1.776900e+01 6.304000e+00 5.969500e+00 3.893600e+01 -7.025500e+00 1.264800e+01 1.407100e+01 6.851400e+00 6.948200e+00 -1.202200e+01 4.119000e+00 6.848300e+00 6.502300e+01 1.178900e-01 1.633000e+01 1.613400e+01 6.550000e+00 5.373900e+00 -4.900800e+00 -4.597200e+00 6.288100e+00 6.110400e+01 3.307100e+00 1.203900e+01 1.544600e+01 4.724100e+00 4.615800e+00 -2.041300e+01 -3.993800e+00 3.606100e+00 5.411600e+01 1.894300e+00 1.406600e+01 1.613100e+01 8.770100e+00 5.950000e+00 -1.409800e+01 6.530200e+00 7.461800e+00 +1
5.018500e+01 -1.229300e+01 1.339300e+01 1.583100e+01 6.863200e+00 9.239500e+00 -1.866800e+01 -6.897600e+00 1.019100e+01 4.754400e+01 -1.804400e+01 1.863800e+01 1.565600e+01 8.829200e+00 1.161100e+01 -1.765400e+01 -5.387200e+00 8.345800e+00 6.721900e+01 -1.002700e+01 1.297400e+01 1.997000e+01 9.459100e+00 9.103200e+00 1.230300e+01 -1.058900e+01 1.003400e+01 6.122700e+01 -8.454100e+00 1.324000e+01 2.247300e+01 7.606400e+00 8.270900e+00 -1.541500e+01 -8.751700e+00 8.941300e+00 5.953400e+01 -1.122500e+01 2.091300e+01 1.271200e+01 1.157100e+01 7.966400e+00 -1.428600e+01 -1.107300e+01 6.216200e+00 +1
7.249300e+01 -3.896900e+00 1.606200e+01 2.016800e+01 5.984400e+00 4.479200e+00 -2.833500e+01 -6.004500e+00 -5.458400e+00 7.043400e+01 -2.624700e+00 1.960400e+01 2.128400e+01 5.331000e+00 6.991300e+00 -2.661500e+01 4.725200e+00 -4.364200e+00 6.590300e+01 8.906500e-01 2.163700e+01 1.397700e+01 4.099200e+00 6.434900e+00 8.917900e+00 -2.911300e+00 8.175000e+00 6.840200e+01 1.898000e+00 1.922800e+01 1.878800e+01 5.825600e+00 7.077600e+00 -2.271400e+01 -3.355600e+00 6.431000e+00 6.121700e+01 -1.305000e-01 2.157300e+01 1.513000e+01 7.652600e+00 7.209400e+00 -1.374200e+01 6.071800e+00 8.101900e+00 +1
6.006900e+01 -2.063100e+00 2.643400e+00 1.781700e+01 3.745200e+00 8.542500e+00 -2.424300e+01 4.005400e+00 8.160600e+00 5.750100e+01 -1.958800e+00 1.387800e+01 1.742500e+01 4.517100e+00 1.361800e+01 -2.192700e+01 3.888500e+00 1.064300e+01 6.584000e+01 2.963600e-02 1.474200e+01 9.662400e+00 4.356200e+00 1.150300e+01 -8.885000e+00 -3.624900e+00 9.839700e+00 6.020700e+01 -4.319500e+00 5.034800e+00 1.578200e+01 3.894600e+00 7.551800e+00 -2.160800e+01 -2.613500e+00 7.566500e+00 5.825000e+01 -1.673200e+00 1.945100e+01 1.206400e+01 7.393300e+00 1.205800e+01 -1.549500e+01 -6.741800e+00 1.146300e+01 +1
6.420300e+01 7.230700e+00 1.800800e+01 2.021700e+01 9.239700e+00 6.392100e+00 -2.402000e+01 -7.679000e+00 4.412600e+00 6.714200e+01 7.141000e+00 1.851700e+01 2.140700e+01 4.666200e+00 7.296900e+00 -2.650200e+01 -4.799200e+00 -5.525600e+00 7.238500e+01 6.769700e+00 1.994400e+01 1.338000e+01 5.577300e+00 6.970300e+00 -8.289200e+00 -3.786400e+00 7.722900e+00 6.175600e+01 -3.399800e-02 2.035100e+01 1.593200e+01 6.454500e+00 7.881300e+00 -2.038500e+01 -4.402000e+00 -4.172900e+00 6.861700e+01 5.332700e+00 2.569800e+01 1.116000e+01 6.606600e+00 4.138500e+00 -1.701500e+01 1.030100e+01 -3.720100e+00 +1
8.342200e+01 1.583000e+00 1.522900e+00 2.301200e+01 2.200200e+00 6.425000e+00 -3.054300e+01 -7.994800e-01 7.416100e+00 8.735500e+01 2.731300e+00 2.277900e+00 2.595200e+01 4.069400e+00 3.499400e+00 -3.589600e+01 5.918100e+00 3.928000e+00 7.897800e+01 2.084800e+00 1.163700e+01 1.382100e+01 3.224600e+00 7.820800e+00 -5.999700e+00 4.381000e+00 -5.066600e+00 7.183300e+01 3.276900e+00 1.860400e+01 1.469000e+01 6.067900e+00 9.362900e+00 -1.867400e+01 9.900800e+00 -8.611300e+00 8.532200e+01 1.846700e+00 4.510900e+00 2.574900e+01 3.375700e+00 7.546100e+00 -3.404800e+01 4.811000e+00 7.396800e+00 +1
5.540100e+01 1.755300e+00 1.902400e+01 1.516400e+01 3.140600e+00 8.355700e+00 -1.902700e+01 -2.828400e+00 -6.647900e+00 6.543100e+01 4.766100e+00 8.125000e+00 2.365100e+01 4.165000e+00 1.220800e+01 -2.458500e+01 5.563600e+00 6.953400e+00 6.613400e+01 3.688100e+00 1.301600e+01 1.370200e+01 2.623400e+00 7.245900e+00 1.034700e+01 1.396000e+00 5.497500e+00 6.480500e+01 4.636800e+00 1.353800e+01 1.553800e+01 6.075100e+00 1.352700e+01 -1.584400e+01 9.775500e+00 -8.915000e+00 7.284400e+01 3.168900e+00 -6.583000e+00 2.071400e+01 1.820400e+00 8.765300e+00 -2.895900e+01 1.799000e+00 7.830500e+00 +1
5.031100e+01 -7.876900e+00 1.357800e+01 1.440600e+01 5.162700e+00 4.176600e+00 -1.936200e+01 -4.688600e+00 -4.892200e+00 5.805100e+01 -5.031600e+00 1.073500e+01 1.742200e+01 2.910600e+00 4.491600e+00 -2.232200e+01 2.404500e+00 -5.297900e+00 7.291900e+01 -2.365300e+00 1.117200e+01 1.543200e+01 4.283600e+00 3.495200e+00 1.068800e+01 3.996200e+00 2.915400e+00 5.399900e+01 -1.266500e+01 1.617500e+01 1.632700e+01 4.316800e+00 5.230000e+00 -7.622000e+00 5.333400e+00 -6.416900e+00 8.531000e+01 -2.837400e+00 8.042400e+00 2.291800e+01 4.605100e+00 5.039000e+00 -2.674600e+01 -5.714000e+00 5.667300e+00 +1
5.279200e+01 -5.038800e+00 2.884200e+00 1.609900e+01 4.696300e+00 5.369600e+00 -2.106800e+01 3.503900e+00 4.903500e+00 5.728000e+01 1.260500e+00 8.900100e+00 1.790700e+01 3.809000e+00 5.981300e+00 -2.156300e+01 2.728600e+00 -4.771100e+00 6.199700e+01 1.040200e+00 1.124300e+01 9.681300e+00 3.879000e+00 6.415000e+00 -9.132700e+00 -4.226000e+00 -4.762700e+00 5.699100e+01 -2.625900e+00 2.870200e+00 1.583600e+01 4.477500e+00 5.879600e+00 -1.997800e+01 -4.282200e+00 5.844200e+00 5.885300e+01 5.472900e-01 8.599900e+00 1.750400e+01 6.421400e+00 5.690300e+00 -1.435500e+01 -5.316500e+00 4.724000e+00 +1
6.463700e+01 1.463000e-01 8.237200e+00 1.953100e+01 2.265300e+00 4.638300e+00 -1.907300e+01 2.992800e+00 -2.781700e+00 6.599600e+01 1.231600e-01 5.934700e+00 2.585900e+01 3.872800e+00 5.789800e+00 -2.214000e+01 5.671600e+00 2.781900e+00 7.331900e+01 9.762100e-01 7.844200e+00 1.548000e+01 2.271200e+00 4.841300e+00 1.052100e+01 2.230600e+00 5.185700e+00 7.113300e+01 1.918200e+00 9.236700e+00 1.976000e+01 4.053000e+00 4.650700e+00 -1.664300e+01 6.208700e+00 4.977600e+00 8.621400e+01 1.000600e+00 2.691000e+00 2.713200e+01 2.948000e+00 6.583700e+00 -3.568000e+01 3.825800e+00 5.476900e+00 +1
6.205400e+01 -5.359000e+00 -3.789100e+00 1.722600e+01 3.226900e+00 5.473500e+00 -2.487700e+01 3.591900e+00 4.277700e+00 5.995500e+01 -4.071700e+00 7.001700e+00 1.817800e+01 4.832900e+00 1.183400e+01 -2.234100e+01 4.504600e+00 9.873100e+00 7.342700e+01 -3.315500e-01 1.312800e+01 1.301800e+01 4.784800e+00 1.009100e+01 1.271800e+01 2.727400e+00 3.163900e+00 6.371400e+01 -2.117300e-01 1.545400e+01 1.657200e+01 3.910100e+00 8.266600e+00 -2.031600e+01 4.472000e+00 3.591900e+00 6.182100e+01 1.155100e+00 2.338000e+01 1.264200e+01 5.878600e+00 6.073700e+00 -1.435900e+01 8.087500e+00 5.187400e+00 +1
7.552700e+01 -5.999400e+00 1.185200e+01 2.259300e+01 5.157200e+00 1.835600e+01 -2.856800e+01 5.755000e+00 -4.115500e+00 7.691700e+01 4.623200e+00 1.577100e+01 1.427000e+01 7.132800e+00 6.172300e+00 -2.079000e+01 9.538700e+00 8.025800e+00 7.273100e+01 5.339000e-01 2.482900e+01 6.730500e+00 6.039300e+00 5.545200e+00 -6.195000e+00 -5.035700e+00 4.990600e+00 6.859700e+01 -2.442000e+00 1.350100e+01 1.991600e+01 6.062500e+00 1.418800e+01 -2.679900e+01 6.099500e+00 -8.700500e+00 6.467000e+01 -2.794200e-01 1.836800e+01 1.565000e+01 6.046400e+00 1.031500e+01 -2.174200e+01 3.833100e+00 -9.090000e+00 +1
7.201800e+01 -1.409400e+01 -1.817100e+01 1.819500e+01 4.854000e+00 3.294100e+00 -2.647700e+01 7.777000e+00 -1.881300e+00 6.995900e+01 -1.050800e+01 -3.936000e+00 1.963500e+01 5.548300e+00 1.665700e+01 -2.655800e+01 6.146700e+00 1.637900e+01 7.827700e+01 -5.859600e+00 7.029200e+00 1.266600e+01 4.901400e+00 1.450300e+01 -9.264500e+00 -3.909400e+00 -9.770400e+00 6.652800e+01 -7.323200e+00 7.597200e+00 1.726300e+01 6.123800e+00 1.940700e+01 -2.300500e+01 5.265400e+00 -6.778300e+00 6.143300e+01 -4.445400e+00 2.294500e+01 1.364700e+01 4.946700e+00 6.903500e+00 -1.375300e+01 -4.576500e+00 3.951900e+00 +1
6.696600e+01 2.784700e-01 1.786600e+01 1.851700e+01 4.512600e+00 4.490900e+00 -2.653900e+01 6.426400e+00 -6.556700e+00 7.363900e+01 -1.107400e+00 1.408900e+01 2.193500e+01 4.024600e+00 6.664400e+00 -2.780700e+01 5.781200e+00 -5.824000e+00 7.450400e+01 -2.088200e+00 1.287000e+01 1.355500e+01 3.187600e+00 6.256800e+00 7.679800e+00 1.825600e+00 7.275100e+00 6.876300e+01 -1.902000e+00 1.858000e+01 1.783200e+01 4.639700e+00 7.372300e+00 -2.359800e+01 3.516100e+00 3.779600e+00 6.968700e+01 -6.417700e+00 1.957600e+01 1.338400e+01 6.596900e+00 6.217500e+00 -1.705000e+01 -1.056600e+01 -3.229900e+00 +1
6.317800e+01 1.395200e-01 4.324800e+00 1.959400e+01 3.450000e+00 4.395800e+00 -2.531200e+01 4.088300e+00 -3.899400e+00 6.640700e+01 1.684300e-01 2.032700e+00 2.034900e+01 3.662900e+00 5.510400e+00 -2.557300e+01 3.831900e+00 -2.903600e+00 7.956200e+01 3.457900e+00 3.401700e+00 8.922400e+00 2.596700e+00 4.466800e+00 -7.937300e+00 -3.695100e-01 4.178000e+00 6.783000e+01 3.714800e-01 4.476700e+00 1.968900e+01 3.556500e+00 5.280300e+00 -2.275700e+01 3.020800e+00 4.127600e+00 7.345700e+01 1.832800e+00 3.139400e+00 1.778200e+01 4.712900e+00 4.525600e+00 -2.300300e+01 6.024300e+00 2.789100e+00 +1
4.893500e+01 -2.914100e+00 1.351700e+01 1.439100e+01 4.087000e+00 5.863600e+00 -1.963300e+01 -2.370300e+00 -4.679000e+00 5.562700e+01 -5.254300e-01 8.799700e+00 1.772600e+01 4.355700e+00 9.462800e+00 -2.051100e+01 5.105800e+00 5.404100e+00 7.325200e+01 5.583100e+00 1.327500e+01 1.311500e+01 5.617700e+00 5.216000e+00 -5.601900e+00 -2.930700e+00 -4.744200e+00 5.561000e+01 -1.671300e+00 8.934200e+00 1.571700e+01 4.376700e+00 9.120500e+00 -1.798400e+01 4.591100e+00 -4.179500e+00 5.761000e+01 -1.198600e+00 1.081600e+01 1.303600e+01 4.974200e+00 6.551900e+00 -1.674800e+01 -5.578600e+00 -3.096200e+00 +1
8.792600e+01 -5.141000e+00 -1.364200e+00 2.508100e+01 3.454600e+00 5.148300e+00 -3.574600e+01 -3.591800e+00 -7.312100e+00 7.408700e+01 -1.751300e+00 4.671500e+00 2.357900e+01 3.759400e+00 9.489900e+00 -2.846800e+01 3.853400e+00 -4.601000e+00 8.431600e+01 7.730800e-01 9.321000e+00 1.320800e+01 3.780800e+00 8.333300e+00 -7.227400e+00 1.962500e+00 3.204000e+00 7.600100e+01 -2.411500e+00 4.414900e+00 2.164000e+01 3.134000e+00 9.009200e+00 -2.560400e+01 3.284500e+00 -5.912000e+00 6.310500e+01 -5.104300e+00 1.620400e+01 1.169100e+01 6.173800e+00 3.542200e+00 -1.650600e+01 -8.926000e+00 3.586300e+00 +1
7.669700e+01 3.190800e+00 3.477900e+00 2.230900e+01 3.601800e+00 2.796300e+00 -3.144700e+01 5.820900e+00 -1.843200e+00 7.927200e+01 1.178100e+00 -8.910800e-02 2.287900e+01 1.381100e+00 2.290100e+00 -3.240900e+01 2.135500e+00 1.919600e+00 8.193600e+01 3.009500e+00 4.903900e+00 6.781700e+00 1.828600e+00 4.279800e+00 -7.652500e+00 1.122200e+00 2.424500e+00 8.209900e+01 1.308800e+00 -2.580100e-01 1.849600e+01 1.724300e+00 1.783400e+00 -2.914600e+01 3.182200e+00 -1.680900e+00 8.305300e+01 1.483400e+00 1.397800e+00 1.640900e+01 2.916100e+00 2.066000e+00 -2.697100e+01 5.326900e+00 3.419900e+00 +1
6.245400e+01 -6.761800e+00 1.876900e+01 1.965100e+01 6.479200e+00 8.342800e+00 -2.376800e+01 -3.639700e+00 -4.026900e+00 6.709400e+01 -2.857300e+00 1.837900e+01 2.074000e+01 5.705900e+00 8.148800e+00 -2.558500e+01 -5.982800e+00 -2.016300e+00 6.995500e+01 1.978100e-01 2.248300e+01 1.068100e+01 4.325200e+00 1.236900e+01 -3.337400e+00 -4.969100e+00 -5.388800e+00 6.976000e+01 -6.324300e+00 8.112600e+00 1.645200e+01 6.365900e+00 8.987000e+00 -2.366300e+01 5.427400e+00 -4.671900e+00 6.772800e+01 -3.587000e+00 1.828100e+01 1.234900e+01 7.223800e+00 1.293700e+01 -1.720700e+01 5.281900e+00 -9.319400e+00 +1
6.260400e+01 -1.268000e+01 2.129300e+01 1.942600e+01 1.825100e+01 1.244700e+01 -2.164100e+01 2.095500e+01 9.044000e+00 6.618600e+01 -1.014700e+01 2.257700e+01 2.008400e+01 1.491500e+01 1.461500e+01 -2.431900e+01 1.698000e+01 1.051200e+01 6.844800e+01 -7.333300e+00 1.918400e+01 1.350200e+01 1.197400e+01 1.048900e+01 4.932100e+00 9.416000e+00 1.155700e+01 5.992400e+01 -1.748200e+01 2.377700e+01 1.974100e+01 1.218500e+01 1.167400e+01 -1.969400e+01 1.109700e+01 1.009000e+01 5.817900e+01 -1.611800e+01 1.985400e+01 1.522700e+01 9.248100e+00 1.247900e+01 -1.330000e+01 -1.118800e+01 1.258100e+01 +1
7.044400e+01 -2.129200e+00 8.432400e+00 2.258200e+01 3.723900e+00 4.665200e+00 -2.755400e+01 -2.381000e+00 -2.312000e+00 6.782100e+01 -9.638900e-01 1.044100e+01 1.974100e+01 3.530400e+00 5.366600e+00 -2.598900e+01 2.830200e+00 -4.553700e+00 7.030800e+01 -4.182200e+00 1.443800e+01 1.080000e+01 1.460400e+00 4.550000e+00 -6.956600e+00 -1.163800e+00 2.890400e+00 6.662200e+01 -1.785600e+00 1.247600e+01 1.943000e+01 4.157600e+00 8.341400e+00 -2.139400e+01 4.040300e+00 7.458700e+00 6.777900e+01 -5.649500e+00 6.906600e+00 1.526800e+01 5.245900e+00 6.405400e+00 -1.766500e+01 -8.255300e+00 6.755200e+00 +1
7.008400e+01 4.475200e+00 1.530200e+01 2.310500e+01 4.796500e+00 8.049200e+00 -2.612300e+01 6.429500e+00 5.291200e+00 5.885000e+01 3.459100e+00 2.001600e+01 1.808000e+01 4.067500e+00 8.453700e+00 -2.198400e+01 2.958800e+00 7.925500e+00 7.013100e+01 2.483000e+00 1.784400e+01 1.735500e+01 3.196300e+00 9.016200e+00 1.122600e+01 2.351300e+00 9.699600e+00 7.164100e+01 1.981600e+00 1.151900e+01 2.179500e+01 3.952600e+00 7.902900e+00 -2.461100e+01 3.522700e+00 9.638500e+00 6.314500e+01 4.240600e+00 2.098300e+01 1.472300e+01 6.275900e+00 9.032000e+00 -1.566200e+01 9.125300e+00 1.083200e+01 +1
6.091100e+01 -2.537200e+00 6.963500e+00 1.841200e+01 1.816400e+00 3.083600e+00 -2.477700e+01 1.287400e+00 -4.270900e+00 6.078900e+01 -1.654100e+00 8.589800e+00 1.770800e+01 2.291500e+00 3.198000e+00 -2.404600e+01 3.034500e+00 -4.243000e+00 6.688900e+01 -1.173500e+00 7.593000e+00 1.143300e+01 2.334700e+00 3.390600e+00 -1.009700e+01 -1.623400e+00 4.469300e+00 5.969400e+01 -1.511100e+00 8.088900e+00 1.608400e+01 1.974200e+00 4.509000e+00 -2.166800e+01 -2.635100e+00 3.919800e+00 6.417800e+01 -2.284800e+00 1.464500e+01 1.481800e+01 3.499200e+00 6.907200e+00 -1.876000e+01 -3.848100e+00 5.950700e+00 +1
6.865200e+01 5.554100e+00 1.062900e+01 2.090100e+01 4.924600e+00 4.184300e+00 -2.710100e+01 4.880800e+00 -4.374100e+00 7.246500e+01 4.838300e+00 5.822600e+00 2.223000e+01 4.617700e+00 5.541900e+00 -2.897700e+01 -2.125200e+00 3.292600e+00 7.468600e+01 6.864600e+00 1.304200e+01 1.398000e+01 4.378000e+00 8.698200e+00 -1.094600e+01 -4.095300e+00 7.849000e+00 7.325100e+01 5.608200e+00 7.671100e+00 1.979900e+01 7.144900e+00 4.550700e+00 -2.467000e+01 3.206600e+00 -2.574300e+00 6.099700e+01 -1.216100e+00 7.591700e+00 1.681600e+01 6.429500e+00 6.553800e+00 -1.722300e+01 3.658100e+00 7.473500e+00 +1
6.551000e+01 -5.497700e+00 -3.920500e+00 2.053500e+01 4.170000e+00 1.391900e+01 -2.509100e+01 2.660100e+00 8.756300e+00 5.511100e+01 -6.707600e+00 7.496200e+00 2.224200e+01 5.067100e+00 1.389700e+01 -1.667900e+01 -2.976800e+00 -5.197000e+00 7.651700e+01 -8.506500e-01 6.689400e+00 1.080400e+01 5.450600e+00 1.701900e+01 -8.294300e+00 -3.236700e+00 8.070400e+00 6.569300e+01 -5.342100e+00 -3.327100e+00 1.759400e+01 2.954100e+00 9.476600e+00 -2.312500e+01 4.315400e+00 5.866300e+00 7.119200e+01 -7.254900e+00 1.112200e+00 1.739500e+01 6.610500e+00 1.401200e+01 -1.937900e+01 -5.673100e+00 1.349900e+01 +1
5.921700e+01 -1.212000e+01 -2.411400e+00 1.697300e+01 3.808800e+00 3.795400e+00 -2.309400e+01 -2.458700e+00 3.255400e+00 6.571200e+01 -7.876600e+00 -6.124000e+00 1.801300e+01 3.234100e+00 3.741300e+00 -2.553600e+01 4.187800e+00 2.554200e+00 6.573900e+01 -8.887300e+00 -4.415600e+00 1.394400e+01 3.642400e+00 4.796700e+00 -1.430900e+01 -3.748700e+00 4.732200e+00 6.622300e+01 -9.242000e+00 -6.674200e+00 1.700400e+01 3.844200e+00 3.471700e+00 -2.325600e+01 4.088600e+00 4.234400e+00 6.830400e+01 -1.022900e+01 -7.133800e+00 1.063500e+01 3.270500e+00 2.430300e+00 -1.716700e+01 -5.198300e+00 2.514800e+00 +1
4.742600e+01 -1.404800e+01 2.629300e+00 1.518500e+01 5.675800e+00 2.700600e+00 -1.698200e+01 -2.068300e+00 2.317600e+00 6.228100e+01 -7.694600e+00 6.461300e-01 1.812300e+01 3.184400e+00 1.116100e+00 -2.490500e+01 3.801600e+00 -8.781000e-01 7.142500e+01 -7.143900e+00 7.379100e-01 6.633700e+00 1.301600e+00 6.505100e-01 -9.057400e+00 -1.953700e+00 9.082400e-01 6.185700e+01 -9.085500e+00 9.690600e-01 1.580400e+01 3.151200e+00 1.248800e+00 -2.186400e+01 -1.923100e+00 -1.187700e+00 6.525600e+01 -9.487200e+00 2.382400e+00 1.105400e+01 6.523000e+00 3.972200e+00 -1.748200e+01 -1.081800e+01 6.662900e+00 +1
5.255500e+01 -1.221200e+01 -3.781400e+00 1.409400e+01 3.528600e+00 2.532900e+00 -2.027600e+01 3.995400e+00 -3.156100e+00 6.347500e+01 -7.581800e+00 -2.683000e+00 1.850900e+01 3.709700e+00 2.364000e+00 -2.440000e+01 3.718800e+00 -1.637000e+00 6.596500e+01 -8.513200e+00 -2.259500e+00 9.876600e+00 2.884600e+00 2.764800e+00 -1.209900e+01 -3.904400e+00 3.869100e+00 6.022700e+01 -1.055400e+01 -3.765300e+00 1.555200e+01 4.461900e+00 1.925600e+00 -2.098200e+01 1.311400e+00 2.243200e+00 6.480900e+01 -9.507600e+00 -1.942000e+00 1.057000e+01 5.026700e+00 2.504200e+00 -1.686200e+01 -8.392200e+00 4.360300e+00 +1
5.327700e+01 -1.185200e+01 -3.755500e+00 1.430500e+01 3.416000e+00 2.714600e+00 -2.059600e+01 4.846000e+00 -3.161500e+00 6.182000e+01 -7.791300e+00 -2.930800e+00 1.812600e+01 3.530000e+00 2.698500e+00 -2.404400e+01 3.998000e+00 -2.143300e+00 6.585300e+01 -8.434300e+00 -2.342600e+00 1.060400e+01 3.137800e+00 3.182200e+00 -1.218300e+01 -4.150400e+00 4.437400e+00 6.148300e+01 -9.810000e+00 -4.121800e+00 1.490400e+01 4.041800e+00 2.058300e+00 -2.093100e+01 2.912700e+00 -2.673000e+00 6.558900e+01 -9.286600e+00 -2.273100e+00 1.083700e+01 4.950300e+00 2.420500e+00 -1.731800e+01 -8.179100e+00 4.226900e+00 +1
7.118600e+01 3.184500e-01 1.777800e+01 1.599200e+01 6.172100e+00 5.259800e+00 -2.454500e+01 6.812500e+00 -4.401800e+00 6.930900e+01 5.758000e-01 1.840200e+01 1.965200e+01 6.409300e+00 6.559400e+00 -2.680500e+01 3.043800e+00 -5.206600e+00 7.086500e+01 1.070400e+01 2.276500e+01 1.090700e+01 9.428300e+00 5.862900e+00 -9.423100e+00 -5.418500e+00 4.361400e+00 7.438100e+01 1.112700e+00 1.811200e+01 1.328400e+01 6.197000e+00 5.566600e+00 -2.014800e+01 6.197200e+00 3.045800e+00 6.532900e+01 2.457400e+00 1.940700e+01 2.076400e+01 5.029900e+00 9.332700e+00 -2.608900e+01 -2.240400e+00 -8.472300e+00 +1
7.034800e+01 4.652100e+00 2.060700e+01 1.900300e+01 5.163400e+00 5.097300e+00 -2.734300e+01 6.964900e+00 -7.172000e+00 6.961500e+01 4.930300e+00 2.138300e+01 1.923100e+01 5.450400e+00 6.958600e+00 -2.694800e+01 4.267300e+00 -7.877300e+00 7.489900e+01 5.288300e+00 2.304900e+01 7.778500e+00 6.064000e+00 5.187400e+00 -8.700900e+00 5.883100e+00 5.428500e+00 6.967400e+01 3.332500e+00 2.151400e+01 1.841600e+01 5.039600e+00 7.979400e+00 -2.481200e+01 -4.029000e+00 -5.745600e+00 6.641900e+01 -1.541100e+00 2.163200e+01 1.355300e+01 7.455400e+00 6.920600e+00 -1.675100e+01 5.235500e+00 7.947900e+00 +1
6.582800e+01 -1.106000e+01 -1.076800e+01 1.782700e+01 3.135600e+00 3.069400e+00 -2.564800e+01 4.098800e+00 3.231900e+00 7.155100e+01 -8.233600e+00 -6.535200e+00 2.119400e+01 4.264900e+00 7.348200e+00 -2.688800e+01 4.332900e+00 7.561600e+00 7.685700e+01 -4.697400e+00 2.262200e+00 9.288000e+00 5.118300e+00 1.134100e+01 7.313000e+00 -2.482300e+00 2.961400e+00 7.024400e+01 -8.957200e+00 -5.021100e+00 1.952500e+01 5.065600e+00 9.387400e+00 -2.319200e+01 5.611400e+00 9.197900e+00 7.998200e+01 -5.045500e+00 1.017800e+00 1.688900e+01 5.860800e+00 1.043400e+01 -2.152600e+01 5.864400e+00 7.472800e+00 +1
7.166900e+01 6.284500e-01 5.265300e+00 2.268100e+01 3.606100e+00 5.106000e+00 -2.886100e+01 5.527800e+00 5.214500e+00 7.750900e+01 -1.860000e+00 3.509200e+00 2.236900e+01 2.557100e+00 3.763700e+00 -3.068800e+01 2.897000e+00 -1.725000e+00 7.613700e+01 3.972600e-01 9.706700e+00 9.697800e+00 2.512600e+00 6.378000e+00 -7.543800e+00 -1.486600e+00 -3.294700e+00 7.486600e+01 -6.412300e-01 5.008300e+00 1.928800e+01 2.573700e+00 4.707500e+00 -2.616800e+01 3.625900e+00 5.383800e+00 7.599700e+01 -3.041700e+00 4.577700e+00 1.836000e+01 4.846100e+00 6.512400e+00 -2.351200e+01 -7.297700e+00 3.684800e+00 +1
6.308700e+01 1.183700e+00 6.877200e+00 1.798300e+01 3.981900e+00 4.957600e+00 -2.414700e+01 3.861200e+00 -5.458500e+00 7.533200e+01 4.338100e+00 3.302400e+00 1.763000e+01 6.795300e+00 6.145700e+00 -2.193000e+01 6.934200e+00 -5.002100e+00 7.601700e+01 7.738400e+00 1.033200e+01 8.724300e+00 3.432400e+00 5.455600e+00 6.095600e+00 -2.213700e+00 -1.536100e+00 7.356900e+01 5.285900e+00 2.364300e+00 2.191300e+01 6.409100e+00 7.095000e+00 -2.890200e+01 5.346200e+00 -5.953400e+00 8.162800e+01 6.134900e+00 1.848200e+00 2.131700e+01 4.163000e+00 5.385400e+00 -2.920400e+01 -3.392500e+00 5.557700e+00 -1
6.753000e+01 1.939200e+00 6.535200e+00 1.931500e+01 4.334100e+00 2.377900e+00 -2.754100e+01 4.941800e+00 -2.881900e+00 6.800500e+01 -5.253200e-03 5.601800e+00 1.936900e+01 6.272100e+00 4.647700e+00 -2.663200e+01 3.483200e+00 -5.502000e+00 7.419200e+01 4.183600e+00 7.391100e+00 7.920600e+00 5.057200e+00 3.600600e+00 -6.272700e+00 -4.440400e+00 -3.750700e+00 6.585200e+01 -1.405500e+00 4.788000e+00 1.790300e+01 5.061700e+00 3.418100e+00 -2.385500e+01 4.471100e+00 -3.534300e+00 6.919000e+01 -4.306400e+00 7.829300e+00 1.289200e+01 6.124100e+00 3.235500e+00 -1.975200e+01 -9.401600e+00 4.690600e+00 -1
6.476100e+01 -1.261100e+01 -1.133500e+01 1.765500e+01 7.371700e+00 8.449000e+00 -2.445000e+01 7.743000e+00 7.073100e+00 7.232500e+01 -5.548800e+00 -5.805200e+00 1.609800e+01 9.264300e+00 1.053200e+01 -1.756500e+01 3.514700e+00 -9.782100e+00 7.861400e+01 -7.018700e+00 -7.996700e+00 8.763900e+00 1.253200e+01 1.474700e+01 6.146200e+00 7.710800e+00 1.099000e+01 6.676400e+01 -3.572100e+00 -2.162700e+00 2.214200e+01 8.012700e+00 9.515100e+00 -2.541100e+01 4.501400e+00 -7.968000e+00 7.310700e+01 -3.486500e+00 -7.671600e+00 1.965300e+01 5.656500e+00 5.476200e+00 -2.559100e+01 5.230300e+00 5.665900e+00 -1
6.132700e+01 4.745600e-02 -5.681200e-02 1.961200e+01 5.008700e+00 3.767100e+00 -2.430400e+01 2.465600e+00 2.670500e+00 6.476200e+01 6.552000e+00 8.107100e+00 1.328000e+01 8.204300e+00 7.470300e+00 -1.772300e+01 7.379200e+00 4.576800e+00 6.764500e+01 7.915900e+00 7.429300e+00 1.130400e+01 1.013900e+01 5.361400e+00 7.779500e+00 3.798200e+00 -4.003200e+00 5.969700e+01 7.307200e+00 7.029600e+00 1.981500e+01 8.000400e+00 6.080100e+00 -2.287200e+01 6.414200e+00 4.129500e+00 5.609600e+01 4.962200e+00 8.233800e+00 1.351300e+01 5.598400e+00 4.260600e+00 -1.950300e+01 1.646000e+00 -3.303900e+00 -1
5.531300e+01 -4.907200e+00 -5.848300e+00 1.468500e+01 4.803600e+00 5.694900e+00 -2.114200e+01 4.913900e+00 -2.806300e+00 6.130000e+01 -1.147400e+00 1.254800e-01 1.289800e+01 6.059100e+00 6.704000e+00 -1.658400e+01 6.350800e+00 -4.479900e+00 6.483900e+01 2.100400e+00 3.210500e+00 9.755900e+00 3.708500e+00 5.939800e+00 8.384100e+00 -3.744700e+00 -3.882500e+00 6.207400e+01 -8.564600e-02 -4.010600e+00 2.005700e+01 6.399700e+00 5.245300e+00 -2.377400e+01 4.676400e+00 -4.667000e+00 6.418800e+01 2.454200e+00 1.045300e+00 1.890400e+01 3.623800e+00 3.782200e+00 -2.261400e+01 -3.820200e+00 2.479200e+00 -1
6.118800e+01 -4.005100e+00 4.284500e+00 1.808400e+01 4.182600e+00 2.850200e+00 -2.426700e+01 -2.483500e+00 -8.444400e-01 5.926800e+01 -8.268100e-01 4.774200e+00 1.779000e+01 5.805900e+00 4.033600e+00 -2.251600e+01 4.260700e+00 -1.925700e+00 6.704000e+01 2.940000e+00 6.601800e+00 1.071800e+01 6.162500e+00 4.878800e+00 -6.444200e+00 -3.492700e+00 -4.215900e+00 5.948100e+01 4.110800e-01 5.519400e+00 1.654200e+01 4.882900e+00 4.260600e+00 -2.093500e+01 2.836800e+00 -2.472500e+00 6.829700e+01 6.253500e+00 1.007500e+01 1.215700e+01 6.777500e+00 4.346700e+00 -1.835200e+01 1.032400e+01 6.796600e+00 -1
7.613800e+01 -7.578900e+00 -1.514500e+01 1.997900e+01 4.587100e+00 5.307200e+00 -2.830900e+01 6.071600e+00 -3.636600e+00 7.606400e+01 -9.085400e+00 -1.473700e+01 2.047200e+01 3.683900e+00 5.436700e+00 -2.905300e+01 4.998900e+00 7.152700e+00 7.224100e+01 -2.755000e+00 -5.146000e+00 1.495100e+01 4.371900e+00 8.836100e+00 -5.760200e+00 2.913500e+00 2.161500e+00 6.627100e+01 -6.678900e+00 -7.509700e+00 1.871800e+01 5.673800e+00 7.408900e+00 -2.419000e+01 5.504200e+00 7.133400e+00 6.630400e+01 -6.693400e+00 -3.889200e+00 1.588600e+01 5.507400e+00 8.730500e+00 -1.916200e+01 -6.919600e+00 -4.695500e+00 -1
8.380800e+01 -7.545300e+00 -1.289300e+01 2.233000e+01 3.689200e+00 4.435700e+00 -3.218100e+01 5.766100e+00 -4.535300e+00 8.167200e+01 -3.011100e+00 -9.465700e+00 1.615500e+01 5.100500e+00 6.908300e+00 -2.149800e+01 5.437800e+00 -9.257300e+00 7.605500e+01 -2.298600e+00 -3.109500e+00 1.815600e+01 3.341500e+00 5.120300e+00 -9.233400e+00 2.298300e+00 3.495300e+00 8.032700e+01 -3.734500e+00 -8.885600e+00 2.377900e+01 5.581300e+00 5.361700e+00 -3.171500e+01 6.301900e+00 -5.114100e+00 7.083200e+01 -4.821100e-01 -5.923500e+00 1.994600e+01 3.437900e+00 3.663600e+00 -2.636300e+01 -1.676600e+00 4.004900e+00 -1
6.340100e+01 4.308700e+00 1.333600e+01 1.909100e+01 7.536300e+00 6.246100e+00 -2.375000e+01 3.042200e+00 -6.646200e+00 6.209400e+01 5.034100e+00 1.251200e+01 1.499100e+01 9.879400e+00 8.043600e+00 -1.616600e+01 9.956500e+00 6.983800e+00 6.775900e+01 8.399000e+00 1.294300e+01 1.195100e+01 7.104300e+00 6.257500e+00 7.901800e+00 -1.868400e+00 -1.623900e+00 6.456200e+01 1.042100e+01 1.704300e+01 1.872200e+01 7.494700e+00 6.095700e+00 -2.435800e+01 5.406600e+00 -5.281400e+00 6.093900e+01 9.351300e+00 1.459300e+01 1.882800e+01 8.294200e+00 9.160800e+00 -2.073900e+01 -6.742000e+00 -7.327000e+00 -1
6.692500e+01 2.630000e+00 9.204600e+00 1.870800e+01 4.427200e+00 3.738100e+00 -2.637900e+01 -3.483700e+00 -5.194500e+00 7.149000e+01 -1.924400e+00 4.070700e+00 1.247200e+01 9.720800e+00 9.379700e+00 -1.934300e+01 6.199400e+00 -6.850900e+00 7.279900e+01 8.388500e-01 7.039000e+00 5.087400e+00 4.613900e+00 6.010300e+00 3.547400e+00 -4.223800e+00 -7.204800e+00 6.815700e+01 -5.217200e-01 3.741600e+00 1.957800e+01 8.805600e+00 9.480900e+00 -2.701900e+01 4.872600e+00 -7.570100e+00 6.716600e+01 -1.167100e+01 -5.810200e+00 1.822600e+01 7.396300e+00 6.873100e+00 -2.435600e+01 7.289000e+00 6.542100e+00 -1
6.776900e+01 4.815600e+00 3.626500e+00 1.916000e+01 6.128000e+00 8.689600e+00 -2.571900e+01 4.221300e+00 -4.234000e+00 6.912800e+01 1.187400e+01 1.395400e+01 1.201300e+01 7.678600e+00 9.016600e+00 -1.779700e+01 9.886400e+00 -6.606900e+00 7.495100e+01 1.277500e+01 1.668500e+01 8.021200e+00 4.706000e+00 4.773600e+00 6.220400e+00 -3.810200e+00 -3.745500e+00 6.550500e+01 1.028500e+01 1.436300e+01 1.869000e+01 6.479600e+00 7.636200e+00 -2.508900e+01 3.981300e+00 -8.700100e+00 6.537600e+01 1.474700e+01 1.826300e+01 1.728700e+01 5.496700e+00 6.947000e+00 -2.292700e+01 -6.665200e+00 -9.019500e+00 -1
5.802300e+01 -1.127000e+01 5.629600e-01 1.829600e+01 7.912900e+00 9.104000e+00 -1.981700e+01 8.541000e+00 -6.067400e+00 6.384900e+01 -8.242500e+00 1.460200e+00 1.646900e+01 8.271000e+00 1.063000e+01 -9.541400e+00 5.847600e+00 -6.801900e+00 7.621500e+01 6.432000e-01 4.411700e+00 1.346300e+01 1.093500e+01 1.055700e+01 -6.156300e+00 -6.334100e+00 -7.187100e+00 6.297700e+01 -3.512600e+00 5.167100e+00 2.132100e+01 1.005500e+01 1.103400e+01 -2.263000e+01 8.673900e+00 -9.743200e+00 6.567900e+01 5.955800e+00 1.474600e+01 1.896600e+01 6.397100e+00 6.423700e+00 -2.300400e+01 -4.312200e+00 -6.733200e+00 -1
6.263200e+01 -3.167100e+00 -6.291800e-02 1.974800e+01 4.506000e+00 4.215700e+00 -2.276600e+01 3.896800e+00 -3.399700e+00 7.719900e+01 1.883500e+00 4.664700e-02 1.911100e+01 5.788000e+00 5.764400e+00 -2.224000e+01 6.132600e+00 -6.443300e+00 7.083700e+01 3.490100e+00 5.225000e+00 1.105200e+01 4.990200e+00 4.735900e+00 9.447300e+00 3.608900e+00 2.588900e+00 6.691000e+01 -1.671300e+00 -2.852000e+00 2.412600e+01 5.175100e+00 6.280000e+00 -2.454100e+01 5.405300e+00 -5.478300e+00 8.248400e+01 1.987500e+00 -2.108800e+00 2.373200e+01 3.047600e+00 4.625300e+00 -3.013300e+01 -3.349600e+00 2.799400e+00 -1
6.474300e+01 -3.653500e+00 5.566400e+00 1.789000e+01 3.635300e+00 2.766100e+00 -2.569600e+01 3.268700e+00 -3.859600e+00 7.068800e+01 1.013300e+00 7.950300e+00 1.238700e+01 8.382000e+00 6.350500e+00 -1.974800e+01 9.454000e+00 5.254700e+00 7.386600e+01 1.272000e+00 6.193600e+00 7.004600e+00 5.758800e+00 5.105900e+00 -4.964000e+00 -4.748100e+00 -5.726100e+00 6.602400e+01 -1.177100e+00 4.697900e+00 1.905400e+01 6.598200e+00 5.695400e+00 -2.653900e+01 4.498800e+00 -6.845900e+00 6.569100e+01 2.041800e+00 7.639700e+00 1.763100e+01 3.995400e+00 4.282200e+00 -2.375400e+01 1.204800e+00 -5.713400e+00 -1
5.025800e+01 -4.560000e+00 3.077800e-01 1.785100e+01 3.931800e+00 3.719400e+00 -1.792200e+01 4.057000e+00 2.601000e+00 5.383700e+01 -4.393700e+00 1.114000e+00 1.605400e+01 5.708500e+00 5.554700e+00 -2.068200e+01 -1.702500e+00 -4.285800e+00 6.411400e+01 9.855600e-02 4.714600e+00 1.026800e+01 6.178700e+00 5.305600e+00 5.915900e+00 4.809400e+00 4.147800e+00 5.992000e+01 -6.823200e+00 -2.230600e+00 1.597600e+01 4.147800e+00 3.108300e+00 -2.165200e+01 3.383100e+00 -2.287200e+00 5.966600e+01 -7.869100e+00 -2.996100e+00 1.251600e+01 5.497300e+00 3.754500e+00 -1.644400e+01 -4.450700e+00 2.948900e+00 -1
6.380700e+01 3.216700e+00 1.578000e+00 1.917900e+01 4.721600e+00 3.104100e+00 -2.578900e+01 4.821100e+00 -2.401100e+00 6.937200e+01 9.261900e+00 6.652000e+00 1.894400e+01 4.471700e+00 3.150800e+00 -2.683100e+01 3.106200e+00 -4.010100e+00 7.244000e+01 8.333000e+00 5.444700e+00 1.101200e+01 4.754000e+00 3.708100e+00 -9.865700e+00 -4.423700e+00 -3.294800e+00 6.661600e+01 6.121400e+00 5.412100e+00 1.838700e+01 4.347800e+00 2.929900e+00 -2.429800e+01 -4.589400e+00 -3.205300e+00 7.271800e+01 1.010700e+01 8.695000e+00 1.362600e+01 6.671300e+00 5.052800e+00 -1.927500e+01 1.010000e+01 8.032900e+00 -1
6.471800e+01 -3.565700e+00 5.720700e+00 1.850400e+01 3.547000e+00 2.718300e+00 -2.627900e+01 -3.796000e+00 -3.297300e+00 6.310500e+01 -2.290900e+00 3.262000e+00 1.762900e+01 4.398700e+00 2.981000e+00 -2.457900e+01 5.108400e+00 -3.645400e+00 7.285600e+01 4.309300e+00 6.975300e+00 6.750800e+00 4.001900e+00 2.716300e+00 -6.399300e+00 2.221900e+00 -2.963800e+00 6.323900e+01 -1.275900e+00 3.144100e+00 1.723600e+01 3.421800e+00 3.676600e+00 -2.307500e+01 -1.227300e+00 -4.574800e+00 7.105300e+01 2.757600e+00 3.503100e+00 1.319300e+01 7.803600e+00 6.975500e+00 -2.044800e+01 9.362300e+00 5.576500e+00 -1
6.461300e+01 -1.342200e+00 7.741500e+00 1.882100e+01 3.563000e+00 3.052700e+00 -2.639900e+01 2.604700e+00 -4.706100e+00 6.582300e+01 2.693000e+00 9.267600e+00 1.842600e+01 4.480800e+00 3.705300e+00 -2.608200e+01 3.448500e+00 -5.223100e+00 7.288700e+01 4.184200e+00 9.811100e+00 6.413300e+00 3.651800e+00 2.694600e+00 -4.070200e+00 -1.582100e+00 -2.364100e+00 6.431100e+01 2.192700e+00 9.040700e+00 1.781900e+01 4.151300e+00 4.332200e+00 -2.362700e+01 -2.820900e+00 -4.957900e+00 6.950900e+01 2.648700e+00 9.087200e+00 1.347100e+01 5.093100e+00 3.921700e+00 -2.083700e+01 6.350600e+00 3.481800e+00 -1
6.437500e+01 3.708800e+00 9.216500e+00 1.796400e+01 5.550800e+00 3.201400e+00 -2.522600e+01 7.364600e+00 -3.045300e+00 6.343200e+01 -1.098500e+00 3.634300e+00 1.829000e+01 8.417700e+00 7.421600e+00 -2.439900e+01 -6.555000e+00 -7.043000e+00 7.002700e+01 2.223100e-01 5.498800e+00 7.398900e+00 6.699200e+00 6.503100e+00 6.451200e+00 -6.435500e+00 -7.089500e+00 6.299100e+01 -2.254600e+00 4.148600e+00 1.688100e+01 4.815300e+00 4.963500e+00 -2.313600e+01 -3.359900e+00 -3.984500e+00 6.652200e+01 -5.296200e+00 1.600300e+00 1.242700e+01 6.911500e+00 5.362500e+00 -1.924700e+01 4.024600e+00 4.615700e+00 -1
6.141900e+01 -7.455500e+00 7.592800e+00 1.703800e+01 5.824600e+00 2.812500e+00 -2.438000e+01 -4.306300e+00 -2.940300e+00 6.120700e+01 -2.322600e+00 5.299700e+00 1.729700e+01 5.811900e+00 4.177600e+00 -2.373800e+01 -4.199000e+00 -3.816400e+00 7.249100e+01 5.023500e+00 6.988200e+00 6.048700e+00 4.084200e+00 4.236200e+00 -3.472500e+00 1.823700e+00 -3.797100e+00 6.063300e+01 -2.385000e+00 2.030700e+00 1.676300e+01 4.468600e+00 4.346200e+00 -2.209200e+01 3.945500e+00 -2.450500e+00 6.340900e+01 -1.960800e+00 1.444500e+00 1.367500e+01 4.458800e+00 3.619800e+00 -1.952300e+01 3.157900e+00 3.472200e+00 -1
6.292800e+01 -1.057500e+00 4.413700e+00 1.877500e+01 4.344000e+00 3.813500e+00 -2.527300e+01 2.105700e+00 -3.831400e+00 6.385800e+01 5.400700e-01 5.593600e+00 1.770900e+01 3.628200e+00 3.417100e+00 -2.504200e+01 3.318800e+00 -3.952100e+00 7.187600e+01 1.367000e+00 6.236500e+00 7.157900e+00 4.517200e+00 2.928800e+00 3.674400e+00 3.048400e+00 1.134900e+00 5.935200e+01 -3.506900e+00 2.569200e+00 1.576300e+01 2.972400e+00 2.552800e+00 -2.150000e+01 2.495500e+00 -2.135900e+00 6.714600e+01 -2.819100e+00 4.814400e+00 1.295100e+01 4.751200e+00 2.790600e+00 -2.035800e+01 -6.141100e+00 3.704400e+00 -1
6.187600e+01 -1.161700e+00 4.599700e+00 1.777000e+01 3.406600e+00 2.236700e+00 -2.525700e+01 3.557100e+00 -3.066400e+00 6.208400e+01 2.504700e+00 5.910400e+00 1.902600e+01 6.151100e+00 4.661000e+00 -2.426500e+01 4.646600e+00 -4.509100e+00 6.964500e+01 3.092500e+00 5.759600e+00 1.019800e+01 5.760100e+00 3.850000e+00 3.726500e+00 3.797600e+00 -2.698100e+00 6.213000e+01 -7.506200e-01 3.787500e+00 1.534300e+01 4.364600e+00 3.137500e+00 -2.131500e+01 4.919500e+00 -7.317300e-01 7.288300e+01 5.826800e+00 7.882500e+00 1.292600e+01 7.585800e+00 5.968300e+00 -1.978800e+01 9.559700e+00 6.658700e+00 -1
6.181600e+01 -4.854600e+00 3.455900e+00 1.705400e+01 3.045600e+00 2.317000e+00 -2.438600e+01 2.422800e+00 -3.330800e+00 6.464400e+01 -2.700600e+00 5.369700e+00 1.393500e+01 6.844700e+00 4.074000e+00 -1.862500e+01 3.930400e+00 3.684800e+00 7.200500e+01 -5.238100e-02 6.428900e+00 8.286600e+00 3.449800e+00 2.453900e+00 -4.839200e+00 1.036800e+00 -1.553800e+00 6.496900e+01 -3.752700e+00 4.384200e+00 1.905700e+01 4.200500e+00 3.823600e+00 -2.621200e+01 3.711600e+00 -4.397600e+00 6.046700e+01 -3.855400e+00 3.099000e+00 1.586900e+01 2.592900e+00 2.676100e+00 -2.178400e+01 1.543100e+00 -3.200900e+00 -1
3.964800e+01 -4.567600e+00 -3.555300e-01 1.385000e+01 4.839900e+00 4.111700e+00 -6.612100e+00 6.342000e+00 5.065800e+00 4.529800e+01 -1.490500e+00 3.130400e-01 1.750000e+01 6.976900e+00 5.604700e+00 -8.357000e+00 8.204400e+00 7.025400e+00 5.752800e+01 3.978100e+00 5.696400e+00 1.859600e+01 8.335300e+00 7.465900e+00 1.793900e+01 4.149300e+00 6.145400e+00 5.514800e+01 9.896500e-01 4.280700e+00 2.097700e+01 8.769700e+00 5.324600e+00 -1.205000e+01 -4.142200e+00 5.097400e+00 6.035200e+01 7.757700e+00 9.648900e+00 1.707200e+01 1.039400e+01 8.124600e+00 -1.271100e+01 1.240600e+01 1.071100e+01 -1
6.358100e+01 -2.717500e+00 2.527100e+00 1.984900e+01 4.570300e+00 3.696100e+00 -2.538300e+01 3.274500e+00 -4.034000e+00 6.552100e+01 -7.427600e-01 5.559100e+00 1.851800e+01 4.031400e+00 3.573000e+00 -2.590100e+01 2.955700e+00 -2.516700e+00 7.114600e+01 3.090200e+00 7.524300e+00 9.722400e+00 3.698900e+00 3.234800e+00 -8.118300e+00 2.019200e+00 -3.012000e+00 6.674100e+01 5.639000e-01 6.708200e+00 1.761900e+01 3.775000e+00 3.254300e+00 -2.407600e+01 -1.657800e+00 -2.966500e+00 7.169700e+01 1.153300e+00 7.913800e+00 1.421600e+01 5.662400e+00 2.890800e+00 -2.155500e+01 -7.924100e+00 3.031000e+00 -1
5.378600e+01 1.739600e+00 1.162200e+01 1.652100e+01 4.799000e+00 6.005400e+00 -2.145600e+01 -3.728500e+00 -6.609200e+00 5.980600e+01 5.688600e+00 1.501300e+01 1.134000e+01 6.280300e+00 4.419600e+00 -1.634000e+01 8.231900e+00 2.513300e+00 6.455300e+01 6.600500e+00 1.593600e+01 7.589000e+00 4.515900e+00 4.412900e+00 6.729200e+00 3.251800e+00 4.609800e+00 5.624300e+01 6.429900e+00 1.442500e+01 1.621200e+01 5.358000e+00 4.569200e+00 -2.179100e+01 6.199500e+00 -5.500000e+00 5.962600e+01 6.562800e+00 1.464600e+01 1.567100e+01 4.622400e+00 6.883400e+00 -2.091000e+01 -3.640400e+00 -8.469900e+00 -1
6.425600e+01 -4.001100e+00 6.218100e+00 1.897400e+01 4.947000e+00 3.465200e+00 -2.562500e+01 5.729200e+00 -4.145700e+00 6.834700e+01 -1.350400e+00 6.996400e+00 1.949500e+01 4.822000e+00 4.266600e+00 -2.664400e+01 3.003800e+00 -4.785000e+00 7.197900e+01 3.132800e+00 7.885300e+00 1.387900e+01 5.837000e+00 6.564200e+00 -1.198200e+01 -3.306800e+00 -6.415100e+00 6.705000e+01 6.840800e-01 8.153700e+00 1.934100e+01 5.329800e+00 4.902400e+00 -2.454800e+01 3.881600e+00 -5.163700e+00 6.228500e+01 -2.145200e+00 3.894100e+00 1.526000e+01 6.116700e+00 6.424500e+00 -1.724200e+01 -5.869400e+00 -4.412100e+00 -1
5.191400e+01 2.496600e+00 6.007000e+00 1.578000e+01 1.163500e+01 4.755600e+00 -1.907200e+01 1.027400e+01 2.663900e+00 5.897000e+01 6.441900e+00 7.480600e+00 21 8.316200e+00 5.783700e+00 -2.054000e+01 -7.145300e+00 -3.058400e+00 6.771500e+01 1.288000e+01 7.619100e+00 1.093300e+01 7.224800e+00 3.226400e+00 8.459100e+00 -2.162100e+00 -2.230500e+00 5.159100e+01 9.418000e+00 5.465500e+00 1.392400e+01 1.140200e+01 3.899800e+00 -1.733400e+01 -2.747000e+00 -3.027900e+00 5.747800e+01 1.074500e+01 7.435600e+00 1.139900e+01 8.249000e+00 4.605000e+00 -1.502700e+01 7.934000e+00 6.869800e+00 -1
6.080100e+01 1.156500e+00 1.159000e-01 2.185700e+01 4.961200e+00 5.892100e+00 -2.270400e+01 3.434600e+00 -3.988300e+00 4.888000e+01 -2.979700e+00 5.173300e+00 1.734100e+01 6.746200e+00 5.676300e+00 -1.653000e+01 6.140600e+00 -2.509000e+00 8.172800e+01 5.355400e+00 1.256800e-02 1.200700e+01 2.936800e+00 6.664400e+00 -1.201200e+01 2.172800e+00 6.892100e+00 5.322100e+01 -1.548800e+00 1.759800e+00 1.664900e+01 4.819400e+00 4.425300e+00 -1.476600e+01 4.834800e+00 2.787700e+00 6.849500e+01 9.936000e+00 1.055900e+01 1.468400e+01 6.861600e+00 6.411900e+00 -1.828600e+01 8.924900e+00 4.702900e+00 -1
8.192600e+01 -4.364900e+00 -2.561200e+00 2.672300e+01 4.405100e+00 5.307400e+00 -3.285100e+01 -3.199600e+00 -6.401900e+00 8.426400e+01 -6.358900e+00 -4.893700e+00 2.390100e+01 4.600500e+00 5.045200e+00 -3.273900e+01 2.863900e+00 -5.007400e+00 8.256500e+01 -2.053400e+00 2.182800e+00 1.335700e+01 4.751100e+00 7.230500e+00 -5.771300e+00 -4.105400e+00 -4.771100e+00 5.627900e+01 -6.628200e+00 2.747300e+00 1.862100e+01 6.306500e+00 5.584200e+00 -1.698300e+01 4.904200e+00 -4.103400e+00 8.606400e+01 -9.047800e+00 -8.184300e+00 1.493200e+01 4.186600e+00 5.930700e+00 -2.163700e+01 -3.155600e+00 -6.157300e+00 -1
7.004500e+01 2.496300e+00 1.177200e+01 2.033700e+01 4.482000e+00 4.669200e+00 -2.796800e+01 5.123900e+00 -5.141600e+00 6.852800e+01 2.113200e+00 1.310600e+01 1.988000e+01 3.629100e+00 5.218400e+00 -2.637800e+01 3.452100e+00 -5.987900e+00 6.774100e+01 6.704400e-01 1.057800e+01 1.398600e+01 3.761400e+00 5.569600e+00 -7.599300e+00 1.027400e+00 -2.769500e+00 6.490000e+01 2.296500e-02 9.559400e+00 1.871300e+01 3.119300e+00 4.851600e+00 -2.320200e+01 -5.597300e-01 -5.615100e+00 6.914600e+01 2.653900e-01 1.332500e+01 1.458600e+01 5.064300e+00 4.329200e+00 -1.948600e+01 -4.282000e+00 2.680900e+00 -1
4.699900e+01 -7.169500e+00 -1.272900e+00 1.408100e+01 5.253800e+00 3.215700e+00 -1.880400e+01 3.679100e+00 -3.833300e+00 6.809100e+01 4.899800e+00 6.961400e+00 2.211200e+01 7.062900e+00 7.019600e+00 -2.545600e+01 -3.675300e+00 -7.026600e+00 6.853400e+01 4.472700e+00 7.827100e+00 1.018500e+01 4.073900e+00 5.412000e+00 8.160800e+00 -4.280000e+00 -4.667400e+00 6.178600e+01 3.182700e+00 5.741700e+00 2.010100e+01 6.458700e+00 6.652200e+00 -2.082800e+01 -5.865100e+00 -3.320500e+00 8.168300e+01 9.107300e+00 1.030400e+01 1.521500e+01 6.224600e+00 8.252700e+00 -2.199700e+01 9.996300e+00 -7.941000e+00 -1
7.340400e+01 -6.544400e+00 -7.451800e-01 2.521600e+01 4.512200e+00 3.644500e+00 -2.689600e+01 2.198300e+00 -3.855100e+00 7.448100e+01 -6.830700e+00 5.111100e-01 2.005400e+01 5.401500e+00 4.673400e+00 -1.914900e+01 -7.662400e+00 -3.293700e+00 8.419400e+01 -2.134300e+00 2.635800e+00 1.434500e+01 3.545600e+00 4.817300e+00 -9.139900e+00 -3.205400e+00 3.858000e+00 8.015800e+01 -4.889000e+00 -1.698700e+00 2.583600e+01 4.390900e+00 4.458700e+00 -3.190200e+01 2.832600e+00 -5.085600e+00 8.451100e+01 -6.643300e+00 -3.332500e+00 2.344500e+01 4.215900e+00 4.533300e+00 -3.158500e+01 4.310200e+00 5.034300e+00 -1
5.194600e+01 -1.130400e+01 8.185100e+00 1.488100e+01 5.251800e+00 3.651700e+00 -2.004500e+01 3.079200e+00 -4.122300e+00 6.046200e+01 -2.423600e+00 1.048900e+01 2.013300e+01 8.697900e+00 6.215800e+00 -2.193100e+01 5.840300e+00 -4.076200e+00 6.745400e+01 9.461400e-03 1.347400e+01 1.233700e+01 7.847000e+00 4.725500e+00 4.349200e+00 -6.872800e+00 2.966000e+00 6.040200e+01 -1.949200e+00 1.125700e+01 1.892500e+01 8.338500e+00 6.978400e+00 -2.033100e+01 -4.980000e+00 -6.615300e+00 7.466900e+01 7.065700e+00 1.753400e+01 1.315200e+01 6.598900e+00 4.987400e+00 -1.939100e+01 1.038200e+01 5.508100e+00 -1
4.983200e+01 -1.559600e+00 4.382700e+00 1.753000e+01 3.810100e+00 4.946600e+00 -1.844800e+01 3.623800e+00 -3.278800e+00 5.647100e+01 1.092800e+00 7.390800e+00 1.855000e+01 3.957700e+00 5.032700e+00 -2.187400e+01 2.659100e+00 -3.935900e+00 6.553800e+01 2.255300e+00 8.995300e+00 8.327400e+00 2.543100e+00 2.986700e+00 4.841100e+00 1.447700e+00 1.464500e+00 5.766500e+01 1.097900e+00 8.579200e+00 1.601200e+01 2.608700e+00 4.396900e+00 -2.063700e+01 -2.343700e+00 -4.942100e+00 6.680800e+01 4.445700e+00 1.252500e+01 1.275400e+01 4.994400e+00 3.335000e+00 -1.880100e+01 8.043200e+00 3.993700e+00 -1
6.730200e+01 -5.626200e+00 -3.101600e-01 2.148800e+01 4.059600e+00 4.314200e+00 -2.522100e+01 2.825000e+00 -4.688600e+00 6.901600e+01 -6.774600e+00 -2.009400e-01 2.103500e+01 4.172300e+00 4.085200e+00 -2.563700e+01 4.482600e+00 -3.893000e+00 8.244100e+01 -6.754600e-01 6.117000e+00 1.072200e+01 3.952900e+00 6.097900e+00 -9.217300e-01 -2.756600e+00 -3.049500e+00 6.905500e+01 -3.444500e+00 3.668600e+00 2.227400e+01 4.757300e+00 5.586600e+00 -2.317600e+01 3.309800e+00 2.316800e+00 8.928300e+01 -9.805100e+00 -3.557600e+00 1.531100e+01 6.532800e+00 6.697500e+00 -2.169200e+01 -2.217700e+00 6.656400e+00 -1
7.280300e+01 -2.569700e+01 -1.948700e+01 1.967300e+01 1.628000e+01 1.337000e+01 -2.711000e+01 1.681700e+01 1.464500e+01 7.652600e+01 -1.961600e+01 -1.335100e+01 1.344100e+01 1.615600e+01 1.545100e+01 -1.796900e+01 9.955600e+00 1.168500e+01 8.144900e+01 -2.023400e+01 -1.426200e+01 1.001600e+01 1.376300e+01 1.270200e+01 -8.688400e+00 9.492200e+00 1.064800e+01 8.265900e+01 -6.439500e-03 3.495600e+00 2.552300e+01 9.402500e+00 8.854500e+00 -3.338300e+01 -1.108700e+01 -1.141400e+01 7.895000e+01 -2.900700e+00 4.943700e-01 2.251700e+01 3.745300e+00 3.580900e+00 -2.822700e+01 -1.879200e+00 2.432000e+00 -1
5.114700e+01 -3.691300e+00 -6.044800e-01 1.953100e+01 4.616400e+00 7.547200e+00 -1.626000e+01 4.595700e+00 -8.126100e+00 5.929100e+01 4.226800e+00 9.294500e+00 1.949700e+01 6.225600e+00 6.268400e+00 -2.254900e+01 -3.132000e+00 -6.445300e+00 6.989100e+01 7.486600e+00 1.141600e+01 1.062800e+01 4.892100e+00 3.956000e+00 -6.326700e+00 -2.928300e+00 2.992600e+00 5.435300e+01 -8.029400e-01 5.105700e+00 1.692500e+01 6.279100e+00 6.406900e+00 -1.742100e+01 5.565500e+00 -4.203500e+00 6.401000e+01 4.096800e+00 9.717400e+00 1.600500e+01 7.256200e+00 5.214800e+00 -1.923500e+01 -4.108700e+00 1.327900e+00 -1
7.074400e+01 -1.417700e+01 -8.109700e+00 1.967600e+01 1.285700e+01 1.192800e+01 -2.477300e+01 -1.036800e+01 -9.903900e+00 8.010900e+01 -7.094100e+00 -1.433300e+00 1.891700e+01 7.831900e+00 8.471200e+00 -2.126200e+01 -1.023000e+01 -9.552200e+00 8.086200e+01 -9.596100e-01 3.935700e+00 1.363300e+01 4.302900e+00 4.854900e+00 -6.419300e+00 2.065200e+00 -1.783000e+00 8.086000e+01 -4.704600e+00 -2.871400e+00 2.595100e+01 4.618500e+00 5.218100e+00 -3.219600e+01 3.874200e+00 -5.577600e+00 8.882500e+01 -6.205100e+00 -3.495600e+00 2.296800e+01 3.433700e+00 3.913700e+00 -3.273600e+01 4.602100e+00 4.749200e+00 -1
5.793600e+01 -2.067700e+01 -1.406900e+01 1.581400e+01 1.015200e+01 1.057400e+01 -2.067200e+01 1.007100e+01 1.004200e+01 6.738400e+01 -1.888400e+01 -1.236800e+01 2.016600e+01 1.126100e+01 9.485200e+00 -2.444900e+01 8.001800e+00 6.734400e+00 6.959400e+01 -1.022400e+01 -1.704500e+00 1.501500e+01 9.058900e+00 9.207400e+00 1.371900e+01 -9.736300e+00 -9.714000e+00 6.141600e+01 -1.269100e+01 -6.384700e+00 2.017100e+01 9.154200e+00 8.221900e+00 -1.911500e+01 -6.235800e+00 -6.387700e+00 7.804100e+01 -9.606600e+00 -4.868000e+00 1.576100e+01 4.953200e+00 4.458600e+00 -1.955300e+01 -5.423500e+00 -3.119700e+00 -1
7.799500e+01 -1.672300e+01 -2.950200e+00 2.160800e+01 8.448100e+00 4.319400e+00 -2.830000e+01 7.206500e+00 3.912400e+00 6.277300e+01 -8.195300e-01 9.926800e+00 1.889100e+01 6.188700e+00 6.514000e+00 -2.403500e+01 -4.448100e+00 -5.853000e+00 6.623200e+01 -2.292900e-01 1.031300e+01 9.418000e+00 5.173400e+00 5.817600e+00 -4.805700e+00 -4.043400e+00 -3.272200e+00 6.626100e+01 -3.642500e+00 7.923000e+00 1.811700e+01 8.216900e+00 7.079700e+00 -2.194900e+01 -7.242000e+00 -5.716800e+00 7.270500e+01 5.171500e+00 16 1.266500e+01 5.443300e+00 3.650200e+00 -1.966300e+01 8.715100e+00 4.472300e+00 -1
4.469700e+01 -6.272700e+00 -3.197000e+00 1.614800e+01 5.625500e+00 6.729000e+00 -1.334300e+01 -4.301900e+00 -3.639300e+00 4.558700e+01 -2.322800e+00 -6.342800e-01 1.463400e+01 3.670200e+00 5.711800e+00 -1.652900e+01 4.115400e+00 1.842300e+00 6.325500e+01 1.161400e+00 6.462700e+00 1.588500e+01 4.662600e+00 6.962400e+00 1.158400e+01 3.072200e+00 -2.006100e+00 4.750300e+01 -1.742600e+00 1.303700e+00 1.508500e+01 3.453900e+00 4.987300e+00 -1.269900e+01 2.196300e+00 3.918400e+00 5.712100e+01 2.781400e+00 7.866300e+00 1.474400e+01 4.825100e+00 5.111600e+00 -1.541300e+01 6.778000e+00 5.308700e+00 -1
6.834800e+01 3.012800e+00 1.168100e+01 1.910700e+01 4.121300e+00 4.727700e+00 -2.654700e+01 3.653300e+00 -6.156800e+00 6.694600e+01 1.998000e+00 1.285400e+01 1.454300e+01 6.945600e+00 5.719400e+00 -1.786200e+01 8.970900e+00 4.745700e+00 6.537400e+01 5.884300e-01 1.043000e+01 1.194100e+01 3.757300e+00 4.861300e+00 -5.018800e+00 -1.270900e+00 -2.091800e+00 5.801700e+01 -1.502800e+00 8.190800e+00 1.921200e+01 4.490300e+00 4.862100e+00 -2.257400e+01 5.230500e+00 -4.791700e+00 5.910900e+01 -2.172900e+00 9.300400e+00 1.713500e+01 3.458300e+00 5.381400e+00 -2.063900e+01 2.510400e+00 -5.470100e+00 -1
5.313400e+01 1.443200e+00 5.719400e+00 1.656000e+01 4.158600e+00 4.255500e+00 -2.114900e+01 4.384800e+00 -4.319000e+00 5.257000e+01 2.013400e-02 8.577600e+00 1.583400e+01 4.768500e+00 5.560900e+00 -2.002900e+01 4.959500e+00 -2.304000e+00 6.276000e+01 2.741100e+00 1.034200e+01 8.058500e+00 4.038700e+00 3.832400e+00 4.115900e+00 3.971900e+00 3.859400e+00 5.956500e+01 2.603700e+00 9.767100e+00 1.566500e+01 3.684500e+00 5.349100e+00 -2.112200e+01 -3.119700e+00 -5.161500e+00 5.659600e+01 1.072100e+00 1.193500e+01 1.134200e+01 4.300700e+00 3.821900e+00 -1.649000e+01 5.049500e+00 -2.360500e+00 -1
6.387800e+01 -2.961300e+00 -7.388000e-01 2.041600e+01 3.477100e+00 6.016500e+00 -2.242000e+01 1.432300e+00 -8.175400e+00 7.510800e+01 -5.197500e+00 -3.335400e+00 2.390500e+01 4.139400e+00 6.467600e+00 -2.789700e+01 4.448600e+00 -6.068000e+00 7.249600e+01 -1.215900e+00 1.223600e+00 1.078900e+01 3.538100e+00 3.611800e+00 7.735100e+00 2.145500e+00 -3.030100e+00 7.426300e+01 -3.609400e+00 -2.044100e+00 2.264200e+01 3.772300e+00 5.559500e+00 -2.534500e+01 3.914600e+00 1.225200e+00 8.727500e+01 -4.520800e+00 -1.061700e+01 1.452000e+01 3.493200e+00 7.233900e+00 -2.213000e+01 3.354700e+00 -1.094500e+01 -1
5.081300e+01 -1.437800e+01 -5.539700e+00 1.481900e+01 7.490300e+00 5.347300e+00 -1.815000e+01 8.969700e+00 -3.637800e+00 6.202400e+01 -2.176000e+00 6.480500e+00 1.549800e+01 1.231200e+01 1.111900e+01 -1.464800e+01 8.508500e+00 -5.735000e+00 6.855500e+01 2.476900e+00 6.684700e+00 1.652200e+01 9.770000e+00 9.915500e+00 7.495300e+00 -9.171500e+00 -1.006700e+01 5.854700e+01 -1.442600e+00 4.595600e+00 1.938700e+01 1.232400e+01 1.096500e+01 -2.172000e+01 1.510600e+00 -7.808300e+00 7.431100e+01 9.772200e+00 1.586600e+01 1.685400e+01 3.318200e+00 3.242500e+00 -2.606100e+01 -3.535200e+00 -4.873100e+00 -1
4.374700e+01 -2.726500e-01 -8.900000e+00 1.394100e+01 2.243900e+00 4.487900e+00 -1.559900e+01 2.108600e+00 3.154100e+00 6.789300e+01 1.316000e+00 6.005000e+00 2.324800e+01 6.402700e+00 1.101700e+01 -2.555400e+01 6.405200e+00 -8.122200e+00 7.371900e+01 4.178700e+00 5.989900e+00 1.493700e+01 5.391600e+00 8.089400e+00 -8.493000e+00 4.285100e+00 -4.294200e+00 6.439000e+01 2.167500e+00 3.740000e+00 2.153800e+01 6.647600e+00 1.021200e+01 -2.223900e+01 6.305600e+00 3.079700e+00 6.905000e+01 -4.541500e+00 -9.403000e+00 1.314600e+01 2.674900e+00 5.695600e+00 -1.711900e+01 2.415900e+00 -6.463000e+00 -1
4.504100e+01 -8.366800e+00 -6.224000e-01 1.515800e+01 4.185100e+00 6.749500e+00 -1.625900e+01 4.320700e+00 3.572800e+00 6.013800e+01 2.061400e+00 9.025900e+00 2.518900e+01 1.191200e+01 1.142300e+01 -1.753600e+01 7.495100e+00 5.989700e+00 6.511700e+01 3.393200e+00 1.063900e+01 1.768700e+01 9.261100e+00 9.183200e+00 1.130000e+01 -4.658600e+00 -4.302000e+00 5.743400e+01 2.436100e+00 7.431600e+00 2.360200e+01 1.064500e+01 1.169900e+01 -7.936100e+00 7.718600e+00 6.405200e+00 8.291300e+01 1.659000e+01 2.341700e+01 1.225800e+01 8.021200e+00 6.637900e+00 -1.867400e+01 1.302700e+01 9.638900e+00 -1
5.159600e+01 1.206400e+00 -4.130500e+00 2.204700e+01 3.141000e+00 9.540300e+00 5.681600e+00 2.932400e+00 7.337900e+00 7.047800e+01 3.778900e+00 5.326900e+00 2.466600e+01 6.886800e+00 7.292200e+00 -2.611400e+01 6.717100e+00 -5.601900e+00 7.220400e+01 5.099200e+00 5.382400e+00 1.910900e+01 5.836800e+00 5.841900e+00 -3.866600e+00 4.405800e+00 2.934100e+00 6.294100e+01 -7.530200e-01 4.628200e+00 2.217600e+01 4.697700e+00 7.683000e+00 -1.959900e+01 4.406100e+00 3.036800e+00 6.118600e+01 2.941400e+00 -6.710300e-01 1.963900e+01 9.272000e+00 6.933300e+00 1.173000e+01 8.664400e+00 8.032800e+00 -1
3.657800e+01 -4.895500e+00 -6.315000e+00 9.800900e+00 2.276300e+00 3.039100e+00 -1.448000e+01 2.953600e+00 1.785700e+00 5.774400e+01 -4.603500e+00 1.072700e+00 1.912500e+01 8.303900e+00 1.238400e+01 -1.171800e+01 9.196900e+00 1.088000e+01 6.759000e+01 1.590500e+00 8.024800e+00 1.624100e+01 6.644900e+00 9.172200e+00 -6.587700e+00 -4.393800e+00 -4.478600e+00 5.322200e+01 -5.921500e+00 1.175100e-01 2.121100e+01 7.441300e+00 1.131500e+01 -1.718300e+01 8.127200e+00 9.894500e+00 5.602300e+01 -9.433600e+00 -6.247000e+00 1.449100e+01 6.186400e+00 4.506700e+00 -1.925900e+01 7.939700e+00 5.527100e+00 -1
6.826300e+01 -2.841000e+00 2.710800e-01 2.238100e+01 3.157800e+00 5.237400e+00 -2.441600e+01 4.218100e+00 -5.176500e+00 7.393900e+01 -4.593600e+00 -3.977300e+00 1.921600e+01 3.989100e+00 8.274500e+00 -1.948500e+01 4.133300e+00 -9.023200e+00 6.757000e+01 -1.576200e+00 3.735300e+00 1.108400e+01 2.612300e+00 3.157900e+00 1.184200e+01 3.002900e+00 -3.232600e+00 7.722400e+01 -4.388100e+00 -5.363400e+00 2.444200e+01 4.299700e+00 8.913600e+00 -2.934000e+01 5.627300e+00 -8.386200e+00 7.893000e+01 -3.717300e+00 -5.137100e+00 2.235800e+01 4.434000e+00 6.441500e+00 -2.831300e+01 4.968400e+00 6.797300e+00 -1
7.937500e+01 -1.516700e+01 -9.613100e+00 2.086800e+01 1.118400e+01 7.029100e+00 -2.734200e+01 7.766300e+00 -7.150500e+00 7.000400e+01 -1.201300e+00 3.476900e+00 2.042200e+01 7.490800e+00 7.166500e+00 -2.697400e+01 4.136700e+00 5.267700e+00 7.452100e+01 1.046000e+00 5.179400e+00 1.479500e+01 5.988000e+00 6.446400e+00 -1.023300e+01 -2.080000e+00 4.909100e+00 7.416700e+01 -4.353300e+00 4.391700e-01 2.060000e+01 8.528400e+00 8.991500e+00 -2.523900e+01 -7.252300e+00 -3.891600e+00 6.786100e+01 2.709300e+00 1.109600e+01 1.752200e+01 8.187900e+00 7.451800e+00 -1.916800e+01 6.476300e+00 -6.404900e+00 -1
5.166300e+01 -1.342700e+01 -4.199900e+00 1.582900e+01 5.261400e+00 6.251800e+00 -1.844800e+01 6.086400e+00 4.072400e+00 6.164800e+01 -5.820600e+00 -9.601600e-01 2.823200e+01 6.499900e+00 1.160900e+01 -4.434500e+00 6.963100e+00 1.011700e+01 6.799900e+01 -1.054700e+00 2.005200e+00 1.715700e+01 7.025200e+00 7.035700e+00 1.556200e+01 2.191100e+00 4.451100e+00 6.321900e+01 -5.896400e+00 -8.826600e-01 2.545300e+01 7.347500e+00 1.160200e+01 6.163600e+00 6.301700e+00 1.002300e+01 9.036400e+01 8.841100e-01 1.601800e+01 1.787400e+01 7.060900e+00 7.675000e+00 -2.420100e+01 1.090500e+01 8.928800e+00 -1
4.831600e+01 -8.221700e+00 1.885600e+00 1.970800e+01 6.319900e+00 1.100600e+01 -1.176200e+01 4.373300e+00 8.616900e+00 4.555000e+01 -8.343400e+00 -5.353200e+00 1.477300e+01 5.564600e+00 4.945300e+00 -1.600900e+01 5.918300e+00 4.074300e+00 6.481700e+01 2.123600e-01 7.014500e+00 1.793800e+01 8.155600e+00 9.861100e+00 1.545400e+01 4.226800e+00 8.075500e+00 5.152900e+01 -8.052700e+00 1.737600e+00 1.741200e+01 7.159700e+00 9.366900e+00 -1.094500e+01 7.582200e+00 1.017700e+01 6.214100e+01 -4.035500e+00 9.322700e-01 1.410500e+01 9.403700e+00 8.300900e+00 -1.636900e+01 8.231600e+00 7.428500e+00 -1
5.456100e+01 -1.006200e+01 8.046500e+00 1.542600e+01 3.798100e+00 4.404100e+00 -2.129100e+01 -3.248400e+00 -4.844500e+00 5.918600e+01 -3.514900e+00 9.385000e+00 1.793400e+01 1.019000e+01 4.520300e+00 -2.166500e+01 1.050700e+01 -4.990300e+00 6.708800e+01 -1.466800e+00 1.088500e+01 1.116500e+01 9.098200e+00 3.322500e+00 1.112200e+01 7.030900e+00 2.084600e+00 6.016400e+01 -2.169500e+00 8.592900e+00 1.840400e+01 9.888000e+00 4.998500e+00 -1.932700e+01 8.345500e+00 -5.643100e+00 7.070400e+01 9.953100e+00 1.151800e+01 1.264300e+01 6.918400e+00 5.213700e+00 -1.840300e+01 1.020400e+01 7.472400e+00 -1
6.002400e+01 -5.630800e+00 -6.415300e+00 1.937800e+01 6.689100e+00 9.187700e+00 -2.123400e+01 4.220500e+00 -5.476200e+00 6.708800e+01 -9.005300e+00 -8.711000e+00 1.210800e+01 9.501500e+00 1.260800e+01 -1.592100e+01 8.374100e+00 9.423900e+00 7.321000e+01 -2.675900e+00 -1.477200e+00 9.398100e+00 1.070400e+01 1.259600e+01 -3.931700e+00 5.155200e+00 -6.670900e+00 5.783000e+01 -6.998300e+00 -6.195800e+00 1.832800e+01 8.420000e+00 1.165900e+01 -2.143900e+01 7.327700e+00 8.796800e+00 5.827900e+01 -1.189100e+01 -1.401900e+01 1.533800e+01 8.168700e+00 8.021500e+00 -2.122100e+01 7.365500e+00 8.283400e+00 -1
7.860700e+01 -5.456600e+00 -6.818200e+00 2.444100e+01 3.980700e+00 7.679100e+00 -3.012400e+01 4.954000e+00 -5.803000e+00 6.126900e+01 -1.880400e+00 2.106500e+00 1.892200e+01 3.113100e+00 5.977500e+00 -2.268700e+01 3.291000e+00 -7.400800e+00 7.707400e+01 -3.580300e+00 -3.898000e+00 1.541100e+01 3.423200e+00 7.527600e+00 -1.259000e+01 2.946000e+00 5.029600e+00 7.959100e+01 -5.575600e+00 -7.364000e+00 2.225700e+01 2.441900e+00 4.982200e+00 -2.893400e+01 3.378000e+00 5.292500e+00 7.804800e+01 -3.658800e+00 -7.869800e+00 1.529200e+01 2.326400e+00 6.906600e+00 -2.116900e+01 1.789500e+00 -8.800000e+00 -1
3.739000e+01 -4.284000e+00 -1.115200e+01 1.028700e+01 2.861800e+00 3.394700e+00 -1.472700e+01 3.171700e+00 -1.101700e+00 5.755100e+01 2.598100e+00 3.092600e+00 2.532800e+01 6.174200e+00 1.419200e+01 -1.304300e+01 6.009300e+00 7.667400e+00 6.690600e+01 4.714200e+00 7.364600e+00 1.829800e+01 4.926300e+00 1.032200e+01 1.238800e+01 3.135800e+00 -4.976800e+00 6.463300e+01 6.051200e-01 7.108700e+00 2.777800e+01 4.742900e+00 1.649700e+01 -1.750600e+01 5.259500e+00 -4.215600e+00 8.679300e+01 6.337000e+00 2.508700e+01 1.455400e+01 7.473700e+00 5.537500e+00 -2.209500e+01 1.203500e+01 3.640800e+00 -1
4.975100e+01 -6.211900e+00 5.383800e+00 1.728800e+01 6.656300e+00 5.570800e+00 -1.720500e+01 6.496800e+00 3.725600e+00 6.688700e+01 4.817400e+00 1.179100e+01 1.867500e+01 5.438400e+00 4.654100e+00 -2.566200e+01 2.436100e+00 -5.876900e+00 6.967100e+01 4.461400e+00 1.139400e+01 9.043500e+00 3.466200e+00 2.586300e+00 2.522500e+00 2.221500e+00 1.908000e+00 6.627400e+01 4.726000e+00 1.261400e+01 1.712900e+01 4.612400e+00 5.262300e+00 -2.364900e+01 -5.646800e+00 -7.228100e+00 7.561500e+01 7.614800e+00 1.513700e+01 1.252000e+01 7.673800e+00 4.966300e+00 -1.892500e+01 1.225600e+01 7.378600e+00 -1
3.911300e+01 -6.140800e+00 -7.477900e+00 1.259500e+01 3.964700e+00 4.894700e+00 -1.026500e+01 4.111500e+00 5.543200e+00 6.253300e+01 5.123100e+00 9.033400e+00 2.300400e+01 1.096600e+01 1.346400e+01 -1.176100e+01 1.076600e+01 6.559300e+00 6.637500e+01 5.759900e+00 8.931900e+00 1.952100e+01 8.507100e+00 1.242000e+01 8.095800e+00 -5.715200e+00 -1.082300e+01 5.735500e+01 6.049200e+00 6.890500e+00 2.418900e+01 1.067700e+01 1.311000e+01 -1.620100e+01 7.883500e+00 -5.854800e+00 7.790200e+01 1.195800e+01 1.963200e+01 2.041200e+01 4.067000e+00 6.868800e+00 -2.737500e+01 -4.969600e+00 -1.027800e+01 -1
6.986500e+01 -1.848500e+01 -2.228500e+01 1.688000e+01 6.976900e+00 3.762500e+00 -2.462700e+01 1.047300e+01 2.758500e+00 6.931200e+01 -1.516200e+01 -1.748200e+01 1.910000e+01 8.051700e+00 7.056100e+00 -2.627600e+01 9.677600e+00 8.794200e+00 6.645600e+01 -1.030100e+01 -8.595700e+00 1.156700e+01 7.855100e+00 1.043100e+01 -9.924600e+00 3.282900e+00 5.016600e+00 7.094100e+01 -1.721200e+01 -1.780200e+01 1.785600e+01 5.571700e+00 5.907600e+00 -2.558800e+01 8.176500e+00 7.878200e+00 7.404400e+01 -7.699100e+00 -1.194400e+01 1.579600e+01 6.130900e+00 7.625700e+00 -2.010500e+01 -4.005000e+00 -8.605200e+00 -1
6.742500e+01 -4.369800e+00 9.881700e+00 2.045800e+01 5.924500e+00 5.113600e+00 -2.635000e+01 -3.478600e+00 -5.383900e+00 6.731700e+01 -3.762300e+00 7.780000e+00 2.077100e+01 5.216200e+00 5.497600e+00 -2.566200e+01 4.844400e+00 -4.430200e+00 7.276900e+01 1.726200e+00 1.010200e+01 1.399700e+01 7.114400e+00 4.466900e+00 8.813600e+00 5.011600e+00 3.131900e+00 6.437200e+01 1.363000e-01 8.941100e+00 2.046900e+01 6.792000e+00 5.270800e+00 -2.145300e+01 5.698500e+00 -4.808700e+00 8.099500e+01 5.063300e-01 7.201700e+00 1.941900e+01 7.436400e+00 6.370400e+00 -2.350100e+01 4.536400e+00 5.826900e+00 -1
4.950500e+01 -1.283300e+01 -6.534800e+00 1.389600e+01 4.449800e+00 3.252400e+00 -1.883900e+01 5.411000e+00 -3.237400e+00 5.560000e+01 -1.086100e+01 -3.876600e+00 1.711700e+01 4.891900e+00 3.081700e+00 -2.058900e+01 4.997600e+00 -1.977000e+00 6.716400e+01 -8.443400e+00 -2.538100e+00 1.013400e+01 3.313100e+00 2.346400e+00 7.732100e+00 -1.859300e+00 7.895500e-01 5.623200e+01 -9.676300e+00 -3.321900e+00 1.572400e+01 4.886000e+00 3.156000e+00 -1.923300e+01 6.024100e+00 1.842400e+00 7.409800e+01 -1.064300e+01 -3.596500e+00 1.291100e+01 4.197200e+00 2.338700e+00 -1.857900e+01 -5.688100e+00 -2.927200e+00 -1
5.470000e+01 -9.908300e+00 5.587600e+00 1.739400e+01 5.565900e+00 5.006600e+00 -2.005200e+01 5.442400e+00 9.986400e-01 6.111900e+01 -8.944200e+00 -3.126700e+00 2.266000e+01 5.765500e+00 6.010000e+00 -2.145100e+01 6.898300e+00 7.163100e+00 6.457500e+01 -4.096400e+00 4.826400e+00 1.374900e+01 6.944300e+00 6.749600e+00 1.223700e+01 2.713400e+00 3.776000e+00 6.462900e+01 -6.619200e+00 1.462400e+00 2.090800e+01 4.724900e+00 5.895400e+00 -2.078500e+01 4.703800e+00 3.682400e+00 8.033200e+01 -9.505000e+00 -4.725800e+00 1.666900e+01 4.738800e+00 4.541900e+00 -2.071600e+01 -4.786500e+00 -4.486400e+00 -1
4.492000e+01 -7.446100e+00 -4.138700e+00 1.358500e+01 3.090700e+00 2.449100e+00 -1.632900e+01 3.246600e+00 -4.734500e-01 6.068600e+01 -5.825400e+00 -2.271500e+00 1.940100e+01 4.403100e+00 3.021000e+00 -4.939100e+00 -5.237000e+00 -2.377500e+00 6.720500e+01 -2.457500e+00 1.274400e-01 1.503900e+01 2.824100e+00 3.191600e+00 1.288100e+01 1.549400e+00 2.514700e+00 6.691700e+01 -2.634300e+00 -1.925600e+00 2.725700e+01 4.070700e+00 4.583600e+00 -2.466100e+01 1.323800e+00 -4.189200e+00 7.619700e+01 -2.157100e+00 -1.485000e-01 2.525800e+01 2.338400e+00 3.001200e+00 -2.735200e+01 1.812700e+00 2.688800e+00 -1
7.005300e+01 -1.451700e+01 -1.030800e+01 1.935900e+01 5.143800e+00 3.552900e+00 -2.619100e+01 6.032100e+00 -2.471900e+00 6.802500e+01 -3.382200e-01 6.807800e+00 1.911400e+01 6.768200e+00 8.523200e+00 -2.646200e+01 -6.301500e+00 -9.207000e+00 6.863400e+01 -2.451500e+00 3.951400e+00 1.226400e+01 8.017400e+00 9.426900e+00 -1.115800e+01 -8.169300e+00 -8.845400e+00 6.962500e+01 -3.243100e+00 3.274600e+00 1.782500e+01 7.121700e+00 9.540900e+00 -2.425900e+01 -4.367000e+00 -6.128100e+00 7.484900e+01 4.227900e+00 1.316600e+01 1.508100e+01 6.747200e+00 4.161900e+00 -2.086600e+01 1.099600e+01 5.533500e+00 -1
6.754500e+01 -4.176300e+00 4.155500e+00 1.993200e+01 3.572900e+00 2.819000e+00 -2.696000e+01 -4.187300e+00 -2.331500e+00 6.500100e+01 -4.039800e+00 3.765200e+00 1.873500e+01 3.102900e+00 2.695700e+00 -2.526600e+01 2.756400e+00 -3.284200e+00 6.904900e+01 -2.321400e+00 4.026800e+00 1.126600e+01 2.147900e+00 2.876400e+00 -7.458600e+00 -8.198800e-01 1.289600e+00 6.515400e+01 -3.860200e+00 4.401700e+00 1.869700e+01 2.630100e+00 2.935100e+00 -2.348100e+01 1.615600e+00 -2.479200e+00 7.161400e+01 -4.576200e+00 6.166200e+00 1.397100e+01 6.116100e+00 3.426400e+00 -2.062100e+01 -1.011300e+01 4.660300e+00 -1
6.701100e+01 -1.171700e+01 -1.924100e+01 1.692300e+01 5.095700e+00 4.105000e+00 -2.452500e+01 7.401500e+00 2.924600e+00 6.520700e+01 -3.540900e+00 -6.190400e+00 1.795500e+01 1.006800e+01 1.272000e+01 -2.470000e+01 5.704800e+00 7.161300e+00 7.108300e+01 -2.059300e-01 -2.149000e+00 9.300400e+00 9.487900e+00 1.173000e+01 -6.172100e+00 -5.675600e+00 -7.914100e+00 6.853800e+01 -6.125100e+00 -8.083100e+00 1.811600e+01 7.842100e+00 1.074600e+01 -2.504000e+01 6.603300e+00 8.083200e+00 6.850400e+01 -1.105100e+00 7.534700e+00 1.375500e+01 7.478800e+00 5.276900e+00 -1.858400e+01 -1.028100e+01 5.170300e+00 -1
6.019100e+01 2.807600e+00 6.200800e+00 1.718400e+01 7.625600e+00 3.346000e+00 -2.357600e+01 -6.904500e+00 9.954000e-01 6.436300e+01 -6.339400e-01 5.931300e+00 1.923600e+01 5.078900e+00 4.428400e+00 -2.503500e+01 6.968800e-01 -3.884900e+00 7.259200e+01 1.274400e+00 6.564000e+00 1.154000e+01 5.316800e+00 3.395900e+00 1.021100e+01 4.300100e+00 1.804300e+00 6.341900e+01 9.140100e-01 5.892400e+00 1.533300e+01 6.706300e+00 3.451400e+00 -2.128000e+01 4.889800e+00 -2.963800e+00 6.694900e+01 -4.684600e+00 4.633100e+00 1.258300e+01 6.392800e+00 3.804600e+00 -1.940100e+01 -8.896500e+00 4.835600e+00 -1
7.692700e+01 -1.067500e+01 -1.647900e+01 2.021900e+01 4.589900e+00 4.803500e+00 -2.851100e+01 7.028300e+00 -5.081300e+00 7.207600e+01 -6.752200e+00 -9.420100e+00 2.279900e+01 5.087300e+00 7.305800e+00 -2.764900e+01 4.627800e+00 5.914200e+00 6.914300e+01 -4.753400e+00 -5.077900e+00 1.491600e+01 4.438500e+00 6.919900e+00 -3.351000e+00 1.855200e+00 -2.450600e+00 7.686800e+01 -7.909300e+00 -1.090500e+01 1.989800e+01 3.159100e+00 4.594500e+00 -2.807500e+01 4.449400e+00 5.662700e+00 7.277100e+01 -5.400400e+00 -6.581500e+00 1.624500e+01 3.098300e+00 5.012500e+00 -2.223000e+01 -3.429100e+00 3.372500e+00 -1
5.499500e+01 3.805400e+00 1.978300e+00 1.591400e+01 4.772300e+00 2.753500e+00 -2.185100e+01 4.904000e+00 1.785600e+00 6.104000e+01 4.553000e+00 4.576300e+00 1.745100e+01 5.049600e+00 4.914700e+00 -2.315200e+01 2.319300e+00 -5.038400e+00 6.765600e+01 6.100900e+00 6.740600e+00 6.706500e+00 3.821900e+00 3.934600e+00 3.165800e+00 -1.031500e+00 2.716700e+00 5.883700e+01 1.004900e+00 3.760700e+00 1.654300e+01 5.326100e+00 5.450300e+00 -2.051700e+01 -3.157800e+00 -4.554300e+00 7.691300e+01 -5.370500e+00 -6.320700e+00 1.320600e+01 3.595900e+00 9.693500e+00 -1.897100e+01 4.208200e+00 -3.338600e+00 -1
7.458900e+01 8.194800e-01 -4.903300e+00 2.024200e+01 3.937400e+00 8.934600e+00 -2.715400e+01 -2.907100e+00 -1.145000e+01 7.321500e+01 8.624700e-01 1.011900e+00 2.067500e+01 3.590100e+00 3.148500e+00 -2.835400e+01 2.424900e+00 -4.156800e+00 7.249600e+01 1.388300e+00 3.825000e+00 1.017800e+01 3.419000e+00 2.629500e+00 6.788500e+00 -3.105000e+00 -9.490800e-01 6.891800e+01 6.366400e-01 2.753200e+00 1.888100e+01 3.829100e+00 2.823600e+00 -2.360000e+01 -4.553800e+00 -1.783000e+00 6.891000e+01 -7.899000e+00 4.961700e+00 1.399900e+01 9.691700e+00 5.341100e+00 -1.647000e+01 -1.353100e+01 7.876300e+00 -1
7.861700e+01 -6.638100e+00 -1.717500e+01 2.065200e+01 4.251300e+00 3.504700e+00 -3.059100e+01 5.581600e+00 -1.565900e+00 7.217400e+01 -3.932100e+00 -6.004700e+00 1.489400e+01 4.176100e+00 1.372100e+01 -1.935100e+01 4.239400e+00 -1.046900e+01 7.488400e+01 -2.959900e+00 -4.869800e+00 1.063800e+01 4.422300e+00 9.658200e+00 -9.979700e+00 5.052100e+00 5.490600e+00 6.886300e+01 -5.356900e+00 -5.399800e+00 2.080400e+01 3.989500e+00 1.276700e+01 -2.644200e+01 4.635300e+00 -5.655800e+00 6.016500e+01 -2.859900e+00 8.388900e+00 1.445100e+01 3.019400e+00 3.403500e+00 -2.123100e+01 -9.725600e-01 -4.880100e+00 -1
8.748700e+01 -7.115500e+00 -6.678000e+00 2.373700e+01 5.460100e+00 8.427000e+00 -3.336400e+01 6.429800e+00 -9.337100e+00 72 -1.874900e+00 7.663600e+00 2.065700e+01 5.148500e+00 6.860900e+00 -2.748900e+01 -3.386700e+00 -8.351500e+00 7.417600e+01 -4.687200e-02 9.218700e+00 7.180100e+00 2.758000e+00 3.804600e+00 -4.785100e+00 -2.656400e+00 -4.242600e+00 6.874200e+01 -2.252500e+00 8.539600e+00 1.962700e+01 3.983900e+00 5.580600e+00 -2.459300e+01 -2.207400e+00 -6.584800e+00 7.076800e+01 -4.349800e+00 1.226500e+01 1.232400e+01 3.908300e+00 2.884700e+00 -1.995800e+01 -6.862700e+00 3.199400e+00 -1
7.157300e+01 4.284000e+00 2.590600e+00 2.085600e+01 5.038600e+00 4.526600e+00 -2.897300e+01 3.110100e+00 6.182200e+00 6.406600e+01 -1.156500e+01 1.652100e+01 1.713200e+01 6.975700e+00 7.287900e+00 -2.465700e+01 7.960100e+00 -8.242500e+00 6.725500e+01 -6.430000e+00 1.425100e+01 6.389700e+00 8.431900e+00 7.044200e+00 -4.254100e+00 6.307400e+00 -5.410900e+00 6.313100e+01 -7.159300e+00 1.397000e+01 1.621700e+01 7.160400e+00 7.975800e+00 -2.244500e+01 6.342000e+00 -7.352800e+00 6.615300e+01 -1.543900e+01 2.045000e+01 9.792600e+00 7.827100e+00 3.972400e+00 -1.571900e+01 -1.231900e+01 2.582100e+00 -1
