750 3
1.077830e+00 8.611146e-01 +1
1.617320e+00 9.456798e-01 +1
3.337580e+00 1.565048e+00 +1
1.192708e+00 -9.024077e-01 +1
-1.018287e+00 2.342322e+00 +1
1.059881e+00 1.300545e+00 +1
-2.982930e+00 -1.113169e+00 +1
-1.103012e-02 6.946869e-01 +1
2.999908e+00 1.140097e+00 +1
-1.247801e-01 -3.595755e-01 +1
4.507252e-01 -3.142735e-01 +1
-4.067400e+00 -4.817493e+00 +1
2.170686e+00 2.125516e+00 +1
1.342073e+00 5.652066e-01 +1
-4.060443e-01 -1.875474e+00 +1
-3.731846e+00 -3.728533e+00 +1
-1.492940e+00 8.455452e-01 +1
-3.034167e+00 -3.644563e+00 +1
8.674941e-01 -1.845261e-01 +1
1.415884e+00 -1.084758e+00 +1
-1.586240e+00 -3.157330e+00 +1
-1.614091e+00 -3.171531e-01 +1
-3.879940e+00 -1.661016e+00 +1
-8.600485e-01 -3.216772e-01 +1
-2.605961e+00 8.270979e-01 +1
-2.902719e-01 -6.469763e-01 +1
2.502887e+00 4.027607e+00 +1
2.638172e-01 4.777019e-01 +1
-4.792262e-01 -1.548429e+00 +1
-1.024299e+00 -1.349720e+00 +1
1.996309e-01 2.746630e-01 +1
-1.345935e+00 -1.752154e+00 +1
-2.671624e+00 -2.169090e+00 +1
1.450422e+00 4.835838e-01 +1
3.867304e-01 1.711075e+00 +1
3.525038e+00 1.589453e+00 +1
3.224251e+00 6.085629e+00 +1
-1.491155e+00 7.595032e-01 +1
-9.742546e-01 -8.196450e-01 +1
-7.974856e-01 -1.520904e-01 +1
-1.841207e-01 -2.587122e-01 +1
-4.408671e+00 -3.339170e+00 +1
-2.651216e-01 3.289964e-01 +1
9.471777e-01 -4.151725e-01 +1
1.522410e+00 1.943561e+00 +1
-1.194523e+00 1.544150e-01 +1
1.898467e+00 2.654686e+00 +1
7.426174e-01 1.837681e+00 +1
-1.400772e+00 -2.516168e+00 +1
6.666592e-01 2.561949e+00 +1
7.336386e-01 -1.607431e+00 +1
-1.763752e+00 -9.708483e-01 +1
1.352854e+00 2.609106e+00 +1
-4.671833e+00 -1.212388e+00 +1
1.709819e-01 1.252322e+00 +1
-8.061989e-01 -1.638060e-01 +1
-2.825459e+00 -3.004888e+00 +1
6.180623e-01 5.327751e-01 +1
2.641869e+00 1.498665e+00 +1
-9.748480e-01 1.692849e-02 +1
-3.528330e-01 -2.251098e-01 +1
6.104592e-01 1.751975e+00 +1
-1.343579e-01 -1.244652e+00 +1
5.870542e-01 1.051347e+00 +1
9.284638e-01 7.664684e-01 +1
3.633446e+00 2.094054e+00 +1
-7.857044e-01 -2.118609e+00 +1
4.294192e+00 5.127796e+00 +1
1.370932e+00 -1.023249e+00 +1
2.962394e+00 5.508202e-01 +1
-3.635237e+00 -3.855460e+00 +1
1.752942e+00 1.891109e+00 +1
8.964927e-01 7.341588e-01 +1
-1.031715e+00 -3.248766e+00 +1
-6.167056e-01 1.648190e+00 +1
2.791451e+00 -1.228601e-01 +1
-2.802455e+00 -2.668779e+00 +1
8.588024e-02 2.353415e+00 +1
-1.774155e+00 1.538663e+00 +1
4.501001e-02 -8.308567e-01 +1
2.871220e+00 1.309903e+00 +1
-1.152049e+00 -7.745976e-01 +1
1.368595e+00 1.090848e+00 +1
1.528603e+00 2.816190e+00 +1
-1.364453e+00 1.155007e-02 +1
-4.677145e+00 -4.382619e+00 +1
2.248211e+00 -4.708322e-01 +1
-1.535858e+00 -2.111213e+00 +1
2.602969e+00 -2.374845e-01 +1
-5.432882e-02 7.262075e-01 +1
-2.012360e+00 1.304106e+00 +1
1.001913e+00 -7.077788e-01 +1
4.745216e+00 3.003673e+00 +1
2.121433e+00 3.748784e+00 +1
6.822864e-01 -1.167424e-01 +1
1.647625e-01 1.140343e+00 +1
2.006274e+00 -1.218754e+00 +1
4.743458e+00 3.040920e+00 +1
2.545704e+00 1.410018e+00 +1
-3.244951e+00 -1.198159e+00 +1
-6.172313e-01 -7.274400e-01 +1
-8.318281e-02 -8.942067e-01 +1
-2.264032e+00 -6.053178e-02 +1
-1.637195e+00 -1.368041e+00 +1
-2.817902e-01 2.159831e+00 +1
9.160852e-01 1.339577e+00 +1
1.327724e-01 1.219393e-02 +1
5.081376e-01 -2.830832e+00 +1
-2.082107e+00 -1.194080e+00 +1
-1.235004e+00 -4.088323e+00 +1
-6.549707e-01 -8.412825e-01 +1
-1.175609e+00 -9.337463e-01 +1
2.161641e-01 1.288092e+00 +1
-3.087951e-01 -8.491135e-01 +1
7.588484e-01 1.015125e+00 +1
-2.881604e-01 -5.793831e-01 +1
5.741067e+00 4.537830e+00 +1
4.351389e-01 -8.435561e-01 +1
-7.225936e-01 -3.409654e-02 +1
1.432273e+00 -6.709815e-01 +1
-8.264080e-01 6.357476e-01 +1
2.278312e-01 7.424042e-01 +1
-5.378045e-01 6.195363e-01 +1
1.697387e-01 -1.726650e+00 +1
1.193121e+00 3.507711e-01 +1
1.671618e-01 7.597283e-01 +1
7.311029e-01 -3.744226e-02 +1
1.890852e-01 3.268023e+00 +1
1.705011e+00 1.902928e+00 +1
4.187949e+00 4.345954e+00 +1
9.203095e-01 6.462736e-01 +1
7.938985e-03 -7.913769e-01 +1
1.277341e+00 2.141016e+00 +1
3.082587e+00 1.979479e+00 +1
1.550546e-01 -1.117384e+00 +1
-7.698541e-01 -1.452365e+00 +1
-8.069976e-01 -2.325693e+00 +1
1.265243e+00 -8.599019e-01 +1
3.130079e+00 3.832691e-01 +1
2.254162e+00 3.999260e+00 +1
1.229842e+00 1.708186e+00 +1
-1.212362e+00 -5.152164e-01 +1
1.373932e+00 6.981171e-01 +1
1.019321e+00 -4.922708e-01 +1
-2.848412e+00 -2.470896e-01 +1
1.661169e+00 1.451173e-02 +1
-1.616845e+00 -2.727066e+00 +1
1.059291e+00 2.945845e-01 +1
6.677853e-01 7.720416e-01 +1
1.858971e+00 4.485271e-01 +1
1.326362e+00 8.823049e-01 +1
-1.285730e+00 -1.650107e+00 +1
4.778615e+00 4.029661e-01 +1
-2.868434e+00 -1.836369e+00 +1
2.563245e+00 2.628221e+00 +1
-3.471228e+00 -1.282342e+00 +1
-1.409829e+00 -2.667169e+00 +1
8.219199e-01 3.461200e-01 +1
8.620534e-01 5.512821e-01 +1
-4.161728e-01 2.146847e+00 +1
-1.078740e-01 -2.783563e-01 +1
-2.659870e-01 -4.809012e-01 +1
3.123562e-01 -1.497022e+00 +1
-2.263479e+00 -4.264145e+00 +1
-1.632714e+00 -8.756528e-01 +1
-1.508679e+00 -2.900506e+00 +1
-1.826143e-01 1.295858e+00 +1
-4.788349e-01 2.532782e-01 +1
6.951428e-01 1.501466e+00 +1
-1.226655e+00 -2.253912e+00 +1
-1.209949e+00 6.456074e-01 +1
-3.045306e-01 -5.438609e-01 +1
5.539330e+00 5.676829e+00 +1
2.457068e+00 5.513122e-01 +1
-2.912404e+00 -2.677861e-01 +1
2.099650e+00 1.765038e+00 +1
7.141084e-01 1.612181e+00 +1
-2.485546e-01 7.693995e-01 +1
-3.437562e+00 -2.646728e+00 +1
-1.296337e+00 3.217312e-01 +1
-2.102216e+00 -8.655775e-01 +1
-3.298700e+00 -3.665517e+00 +1
-1.184958e+00 1.647399e+00 +1
2.585351e+00 5.686681e-01 +1
1.654872e+00 6.329336e-01 +1
4.012836e-02 2.197076e+00 +1
8.053021e-02 4.230216e-01 +1
4.503302e-02 4.181279e+00 +1
1.532099e+00 5.277550e-01 +1
-6.902312e-01 -4.587064e-01 +1
1.098212e+00 1.004080e+00 +1
-2.193884e+00 -6.045517e-01 +1
-1.826891e+00 -2.850261e+00 +1
-2.174592e+00 -1.161530e+00 +1
-1.503386e+00 -2.646627e+00 +1
-7.793374e-01 -1.831771e+00 +1
-1.040571e-01 1.388289e+00 +1
-4.746588e-01 2.906780e+00 +1
-8.388992e-01 -9.519259e-01 +1
-5.929940e-02 -1.992002e+00 +1
2.598935e-01 9.049572e-01 +1
-1.235735e+00 -5.428231e-01 +1
-5.942280e-01 -2.611536e+00 +1
3.455491e+00 5.271421e+00 +1
1.422009e+00 1.433271e+00 +1
-2.969097e+00 -7.590206e-01 +1
1.047182e+00 5.180306e-01 +1
1.538171e+00 1.036269e+00 +1
-2.480032e+00 1.284809e-01 +1
-2.645669e+00 -3.167239e+00 +1
1.402574e+00 1.243462e+00 +1
6.841173e-01 2.168389e+00 +1
-1.137460e+00 -1.951238e+00 +1
1.789115e+00 2.184048e+00 +1
4.963892e-01 2.365559e+00 +1
1.152762e+00 -6.779446e-01 +1
-2.172157e+00 -2.028338e+00 +1
1.150942e-01 -6.467459e-01 +1
-4.781715e+00 -5.006353e+00 +1
3.493458e+00 8.055385e-01 +1
4.348622e-02 3.106964e-01 +1
2.887169e+00 1.809916e+00 +1
-5.886620e-02 2.863758e+00 +1
-8.823945e-01 -1.252373e-01 +1
-8.818352e-01 -3.817211e+00 +1
3.744139e+00 3.952448e+00 +1
-3.233147e+00 -2.645276e+00 +1
-5.414581e-01 1.870203e+00 +1
1.754919e+00 2.906236e+00 +1
-1.545000e+00 -3.271119e-01 +1
1.358338e+00 1.508801e+00 +1
-2.381955e-01 -2.166782e+00 +1
3.067638e+00 1.120415e+00 +1
-2.731516e+00 -1.913302e+00 +1
-5.967318e-01 -1.309716e-01 +1
-6.078836e-02 -3.474801e-01 +1
-2.440986e+00 -4.675990e-01 +1
-4.029843e+00 -1.174775e+00 +1
-1.139652e-01 4.275161e-01 +1
-2.634276e+00 -3.100337e+00 +1
-3.392616e+00 -3.234760e+00 +1
1.278515e+00 -1.008499e+00 +1
-2.081918e-01 -1.444220e+00 +1
2.596241e+00 2.454853e+00 +1
1.174400e+00 9.166451e-01 +1
2.382800e+00 -5.494358e-01 +1
1.452457e+00 2.065125e+00 +1
-5.137409e-03 9.797847e-01 +1
2.159350e+00 4.599067e+00 +1
2.453537e+00 1.721837e+00 +1
-2.925985e+00 -3.641656e+00 +1
9.504878e-01 1.582373e-02 +1
1.026779e-01 -5.422299e-01 +1
-1.571945e+00 -7.159992e-01 +1
-1.624997e+00 -1.394869e+00 +1
-3.059832e+00 -2.153363e+00 +1
-3.820906e-01 1.140378e+00 +1
6.753038e-01 1.036879e+00 +1
1.019981e+00 1.189258e+00 +1
1.759442e+00 2.745637e+00 +1
-3.542581e+00 -2.880170e+00 +1
-9.931067e-02 -2.006533e-01 +1
1.226720e+00 2.855460e+00 +1
1.275744e-01 4.812484e-01 +1
2.488835e-02 -1.344510e+00 +1
-3.991407e-01 -1.621370e+00 +1
2.498293e+00 1.703524e-01 +1
-9.034793e-01 -1.166857e+00 +1
-3.317467e+00 -2.043271e+00 +1
-4.866992e-02 4.038348e-01 +1
-1.519640e+00 -1.253264e+00 +1
1.992281e+00 1.454653e+00 +1
-5.858576e+00 -4.947288e+00 +1
-2.242227e+00 -2.090777e+00 +1
1.346405e+00 9.297505e-01 +1
3.557024e+00 2.371760e-01 +1
-2.891522e+00 -2.741720e+00 +1
-8.037895e-01 2.659081e-01 +1
-3.216732e+00 -2.057677e+00 +1
2.071988e+00 2.648141e+00 +1
2.480896e+00 -3.704268e-01 +1
-5.919838e-01 1.663566e-01 +1
7.344227e-01 1.405378e-02 +1
1.186764e+00 1.514980e+00 +1
1.407342e+00 -2.563445e-01 +1
3.524298e-01 -8.355711e-01 +1
-8.153999e-01 -1.355444e+00 +1
2.175657e-01 -3.501649e+00 +1
-1.771823e+00 7.454692e-01 +1
1.253245e-01 1.436369e+00 +1
-1.317605e+00 6.010960e-02 +1
4.310070e-01 -1.083420e+00 +1
-6.141203e-01 -1.071716e-01 +1
9.807972e-01 6.070972e-01 +1
1.791783e+00 1.122260e+00 +1
2.404059e+00 1.042518e+00 +1
2.082894e-01 8.217754e-01 +1
-1.324707e+00 3.643876e-01 +1
-6.459953e-01 5.903335e-01 +1
1.672854e+00 -1.388437e+00 +1
1.566245e+00 -7.369472e-01 +1
-7.125059e-01 6.120983e-01 +1
2.631794e+00 -1.793774e-01 +1
-9.511929e-01 -3.936116e-01 +1
3.217777e-01 -1.452620e+00 +1
-1.333685e+00 -1.873858e+00 +1
6.496355e-01 -1.986374e+00 +1
9.075920e-01 1.097932e-01 +1
-7.542330e-01 -1.147093e+00 +1
4.478020e+00 2.510446e+00 +1
-2.265693e+00 -2.625046e+00 +1
2.790429e+00 1.934818e+00 +1
1.291850e+00 4.891571e-01 +1
-1.985721e+00 -1.933749e+00 +1
2.762067e-02 1.684051e+00 +1
4.601427e+00 3.831933e+00 +1
2.570568e-01 -2.678969e+00 +1
1.728834e+00 -1.309319e+00 +1
-1.844357e+00 -9.966679e-02 +1
-2.569392e+00 -2.752262e+00 +1
6.233088e-01 2.665790e-01 +1
-4.883406e-01 -2.133121e-01 +1
1.793106e+00 1.571413e+00 +1
1.103771e+00 5.454296e-01 +1
7.757741e-01 2.684866e-01 +1
-6.193443e-01 -2.202252e+00 +1
-2.082694e+00 3.176720e-01 +1
1.704589e+00 1.615940e+00 +1
2.061513e+00 1.413369e+00 +1
2.622166e+00 1.344463e+00 +1
1.923379e+00 1.561098e-01 +1
3.309781e-01 7.826061e-01 +1
-2.460014e+00 2.304934e-02 +1
3.008530e+00 1.274175e+00 +1
1.271481e+00 3.245018e+00 +1
-4.782182e-01 -1.170127e+00 +1
8.062199e-01 -3.149005e-03 +1
3.517389e+00 3.126202e+00 +1
-4.013344e+00 -4.775922e+00 +1
-1.481536e+00 -2.501942e+00 +1
-7.496282e-03 4.606206e-01 +1
-3.047548e+00 -2.621877e+00 +1
-6.571111e-01 -2.943228e+00 +1
2.144375e+00 -1.002669e+00 +1
-2.912203e+00 -3.563061e+00 +1
7.138670e-02 1.773493e+00 +1
1.496029e+00 1.360810e+00 +1
9.714362e-01 7.365726e-01 +1
-9.972579e-01 -2.917504e+00 +1
2.317077e+00 1.812083e+00 +1
-1.466869e+00 1.156432e+00 +1
-2.307283e+00 -3.214536e+00 +1
-2.431144e+00 1.083176e+00 +1
7.433277e-01 -6.943175e-01 +1
8.903492e-01 2.524975e+00 +1
-1.636255e+00 -1.171187e+00 +1
3.307977e+00 1.217323e+00 +1
2.010703e+00 -1.963136e-01 +1
-1.568110e-01 3.714597e-01 +1
1.105462e+00 1.391534e+00 +1
3.076250e-01 5.607418e-01 +1
4.159152e-01 -1.420454e+00 +1
9.059924e-01 -8.841547e-01 +1
2.697919e+00 4.076204e+00 +1
-1.163450e+00 4.242148e-01 +1
2.672786e+00 7.479959e-01 +1
1.924637e+00 1.674313e+00 +1
1.274550e-01 -1.138583e+00 +1
2.795088e+00 1.470505e+00 +1
3.168112e-01 1.229179e+00 +1
-1.522600e-01 1.900654e+00 +1
1.382557e-01 1.699897e-01 +1
-2.049564e-01 9.228548e-01 +1
-1.337718e+00 -3.762534e-01 +1
-8.744403e-01 3.962471e-01 +1
1.130648e+01 -7.440275e+00 -1
1.194984e+01 -7.260126e+00 -1
1.350674e+01 -6.584733e+00 -1
1.396294e+01 -7.916197e+00 -1
6.247381e+00 -7.617784e+00 -1
1.065965e+01 -7.318604e+00 -1
8.355758e+00 -9.182442e+00 -1
1.000197e+01 -7.802645e+00 -1
1.363017e+01 -6.804883e+00 -1
1.133205e+01 -8.139821e+00 -1
1.208187e+01 -7.960610e+00 -1
1.206079e+01 -1.056485e+01 -1
1.106388e+01 -6.759793e+00 -1
1.209866e+01 -7.449416e+00 -1
1.307809e+01 -8.658618e+00 -1
1.099531e+01 -1.015363e+01 -1
7.692882e+00 -8.186887e+00 -1
1.186323e+01 -9.927983e+00 -1
1.248778e+01 -7.802844e+00 -1
1.453644e+01 -7.904412e+00 -1
1.322186e+01 -9.369351e+00 -1
9.165853e+00 -8.557502e+00 -1
7.861968e+00 -9.599536e+00 -1
1.023863e+01 -8.341135e+00 -1
6.144921e+00 -8.513514e+00 -1
1.150446e+01 -8.270560e+00 -1
8.843719e+00 -6.114809e+00 -1
1.069752e+01 -7.785942e+00 -1
1.251208e+01 -8.585334e+00 -1
1.146021e+01 -8.685320e+00 -1
1.089389e+01 -7.863083e+00 -1
1.157448e+01 -8.894341e+00 -1
1.028931e+01 -9.397393e+00 -1
1.236732e+01 -7.441700e+00 -1
9.127094e+00 -7.394416e+00 -1
1.373733e+01 -6.523573e+00 -1
6.953401e+00 -5.312469e+00 -1
7.817089e+00 -8.211210e+00 -1
1.078135e+01 -8.517854e+00 -1
1.008727e+01 -8.274119e+00 -1
1.110549e+01 -8.127835e+00 -1
9.487498e+00 -1.023661e+01 -1
1.015979e+01 -7.981561e+00 -1
1.292665e+01 -7.846423e+00 -1
1.040440e+01 -6.999460e+00 -1
9.092314e+00 -8.300253e+00 -1
9.930544e+00 -6.685618e+00 -1
9.451346e+00 -7.255132e+00 -1
1.257741e+01 -9.130723e+00 -1
8.319655e+00 -7.067981e+00 -1
1.431077e+01 -8.252242e+00 -1
9.878664e+00 -8.789411e+00 -1
9.223392e+00 -6.856281e+00 -1
6.107605e+00 -9.698628e+00 -1
9.470754e+00 -7.589128e+00 -1
1.009152e+01 -8.280016e+00 -1
1.125375e+01 -9.683076e+00 -1
1.112061e+01 -7.667782e+00 -1
1.261673e+01 -6.804731e+00 -1
9.597416e+00 -8.276528e+00 -1
1.081937e+01 -8.166838e+00 -1
9.385652e+00 -7.318024e+00 -1
1.257019e+01 -8.398086e+00 -1
1.034339e+01 -7.527034e+00 -1
1.122910e+01 -7.510715e+00 -1
1.317703e+01 -6.346613e+00 -1
1.288501e+01 -8.838403e+00 -1
9.821106e+00 -5.280106e+00 -1
1.438588e+01 -7.899633e+00 -1
1.441048e+01 -6.985822e+00 -1
1.131144e+01 -1.016238e+01 -1
1.080460e+01 -6.948053e+00 -1
1.122958e+01 -7.529272e+00 -1
1.413538e+01 -9.235668e+00 -1
7.796953e+00 -7.702236e+00 -1
1.512146e+01 -7.229644e+00 -1
1.081095e+01 -9.579409e+00 -1
7.793221e+00 -7.295836e+00 -1
6.314968e+00 -8.067981e+00 -1
1.223866e+01 -8.226854e+00 -1
1.320804e+01 -6.793014e+00 -1
1.046620e+01 -8.556175e+00 -1
1.139279e+01 -7.290020e+00 -1
9.179076e+00 -6.745766e+00 -1
9.054038e+00 -8.390549e+00 -1
1.058348e+01 -1.061533e+01 -1
1.484531e+01 -7.486915e+00 -1
1.181367e+01 -9.052819e+00 -1
1.501701e+01 -7.317144e+00 -1
9.896155e+00 -7.806045e+00 -1
6.309810e+00 -8.204455e+00 -1
1.341787e+01 -7.915091e+00 -1
1.346291e+01 -5.763088e+00 -1
8.698578e+00 -6.305414e+00 -1
1.213000e+01 -7.836741e+00 -1
9.620321e+00 -7.623249e+00 -1
1.556088e+01 -7.772663e+00 -1
1.340775e+01 -5.752844e+00 -1
1.260610e+01 -6.858081e+00 -1
8.105399e+00 -9.282616e+00 -1
1.115586e+01 -8.388173e+00 -1
1.214696e+01 -8.282148e+00 -1
7.883780e+00 -8.671044e+00 -1
1.061936e+01 -8.867537e+00 -1
7.547026e+00 -7.457856e+00 -1
1.040109e+01 -7.348846e+00 -1
1.117052e+01 -7.958152e+00 -1
1.572202e+01 -8.670504e+00 -1
9.744141e+00 -8.945754e+00 -1
1.503520e+01 -9.536712e+00 -1
1.126348e+01 -8.431931e+00 -1
1.065795e+01 -8.608918e+00 -1
9.484065e+00 -7.565759e+00 -1
1.176413e+01 -8.334259e+00 -1
1.063757e+01 -7.487898e+00 -1
1.141185e+01 -8.250438e+00 -1
1.270163e+01 -5.032738e+00 -1
1.280835e+01 -8.117900e+00 -1
1.002632e+01 -8.218438e+00 -1
1.397445e+01 -7.780234e+00 -1
8.932200e+00 -8.055039e+00 -1
1.027228e+01 -7.719917e+00 -1
9.363273e+00 -7.976406e+00 -1
1.368190e+01 -8.449442e+00 -1
1.219126e+01 -7.554317e+00 -1
1.016198e+01 -7.732430e+00 -1
1.208689e+01 -7.799757e+00 -1
6.645725e+00 -7.002019e+00 -1
1.072010e+01 -6.958478e+00 -1
1.077655e+01 -5.536474e+00 -1
1.138754e+01 -7.547766e+00 -1
1.213040e+01 -8.226159e+00 -1
9.778579e+00 -7.013205e+00 -1
1.256003e+01 -6.538707e+00 -1
1.279950e+01 -8.277800e+00 -1
1.196522e+01 -8.641499e+00 -1
1.314776e+01 -8.904330e+00 -1
1.400541e+01 -7.882988e+00 -1
1.488457e+01 -6.985784e+00 -1
8.532060e+00 -6.194793e+00 -1
1.032352e+01 -7.151864e+00 -1
1.001409e+01 -8.498709e+00 -1
1.195575e+01 -7.401851e+00 -1
1.313771e+01 -7.847854e+00 -1
7.321174e+00 -8.893594e+00 -1
1.332872e+01 -7.516273e+00 -1
1.257009e+01 -9.253979e+00 -1
1.208146e+01 -7.609170e+00 -1
1.085256e+01 -7.584358e+00 -1
1.299467e+01 -7.333883e+00 -1
1.162799e+01 -7.362413e+00 -1
1.151531e+01 -8.847503e+00 -1
1.718810e+01 -6.504206e+00 -1
9.540439e+00 -9.358160e+00 -1
1.090811e+01 -6.501353e+00 -1
7.904448e+00 -9.372237e+00 -1
1.277815e+01 -9.176928e+00 -1
1.167288e+01 -7.662816e+00 -1
1.143950e+01 -7.592005e+00 -1
7.375342e+00 -7.500397e+00 -1
1.124110e+01 -8.111495e+00 -1
1.130393e+01 -8.215608e+00 -1
1.355885e+01 -8.341984e+00 -1
1.382937e+01 -9.884363e+00 -1
9.929354e+00 -8.724103e+00 -1
1.296834e+01 -9.272822e+00 -1
8.909125e+00 -7.678634e+00 -1
9.964636e+00 -8.065113e+00 -1
9.859687e+00 -7.365894e+00 -1
1.245276e+01 -9.004753e+00 -1
8.375848e+00 -8.162911e+00 -1
1.133846e+01 -8.244910e+00 -1
1.080555e+01 -4.762174e+00 -1
1.369515e+01 -7.131556e+00 -1
7.259945e+00 -8.918042e+00 -1
1.147321e+01 -6.884361e+00 -1
9.729933e+00 -7.328458e+00 -1
9.560396e+00 -7.849645e+00 -1
9.881591e+00 -9.756383e+00 -1
8.711707e+00 -8.281344e+00 -1
9.251130e+00 -8.856728e+00 -1
1.151876e+01 -1.001040e+01 -1
6.994441e+00 -7.866505e+00 -1
1.385202e+01 -7.089513e+00 -1
1.244524e+01 -7.339568e+00 -1
7.949615e+00 -7.354175e+00 -1
1.051564e+01 -7.854637e+00 -1
5.150464e+00 -6.779969e+00 -1
1.242036e+01 -7.405371e+00 -1
1.067258e+01 -8.331670e+00 -1
1.113312e+01 -7.393121e+00 -1
8.752345e+00 -8.807839e+00 -1
1.244726e+01 -9.350178e+00 -1
9.567314e+00 -8.963055e+00 -1
1.261679e+01 -9.198005e+00 -1
1.248837e+01 -8.753762e+00 -1
8.889504e+00 -7.629274e+00 -1
6.217923e+00 -7.297907e+00 -1
1.115984e+01 -8.516967e+00 -1
1.373325e+01 -8.592160e+00 -1
1.008774e+01 -7.663737e+00 -1
1.002008e+01 -8.513426e+00 -1
1.385290e+01 -8.925424e+00 -1
8.431888e+00 -5.480758e+00 -1
1.098407e+01 -7.175752e+00 -1
7.874480e+00 -9.076215e+00 -1
1.174833e+01 -7.548162e+00 -1
1.170979e+01 -7.256823e+00 -1
7.311006e+00 -8.678834e+00 -1
1.173761e+01 -9.678042e+00 -1
1.122502e+01 -7.236155e+00 -1
8.900923e+00 -7.176552e+00 -1
1.215086e+01 -8.891630e+00 -1
1.044148e+01 -6.853047e+00 -1
8.356594e+00 -7.173827e+00 -1
1.358901e+01 -7.862932e+00 -1
1.079661e+01 -9.212578e+00 -1
1.207741e+01 -8.153475e+00 -1
1.131769e+01 -1.082557e+01 -1
1.480129e+01 -6.758987e+00 -1
1.062211e+01 -7.897756e+00 -1
1.252347e+01 -6.644068e+00 -1
6.866786e+00 -7.190298e+00 -1
9.929218e+00 -8.290878e+00 -1
1.515125e+01 -9.356498e+00 -1
1.070541e+01 -5.778187e+00 -1
1.016863e+01 -9.696955e+00 -1
7.589397e+00 -7.616424e+00 -1
9.371793e+00 -6.654440e+00 -1
9.277646e+00 -8.540432e+00 -1
1.078721e+01 -7.172328e+00 -1
1.372743e+01 -8.694257e+00 -1
1.375379e+01 -6.791013e+00 -1
9.842871e+00 -9.340843e+00 -1
1.034132e+01 -8.210070e+00 -1
1.140544e+01 -8.117857e+00 -1
8.209209e+00 -8.839636e+00 -1
6.962324e+00 -9.502444e+00 -1
1.023423e+01 -7.909486e+00 -1
1.165911e+01 -9.655440e+00 -1
1.077676e+01 -9.913159e+00 -1
1.423433e+01 -7.922053e+00 -1
1.274801e+01 -8.477010e+00 -1
1.119995e+01 -6.541875e+00 -1
1.136452e+01 -7.396367e+00 -1
1.514681e+01 -7.470753e+00 -1
1.013356e+01 -6.984562e+00 -1
9.607110e+00 -7.718644e+00 -1
7.549718e+00 -6.049013e+00 -1
1.203478e+01 -6.794673e+00 -1
1.201211e+01 -9.895915e+00 -1
1.232182e+01 -7.721050e+00 -1
1.191204e+01 -8.126888e+00 -1
9.789511e+00 -8.660472e+00 -1
1.067455e+01 -8.871760e+00 -1
9.718059e+00 -9.504920e+00 -1
8.846904e+00 -7.781101e+00 -1
1.048865e+01 -7.505735e+00 -1
1.076061e+01 -7.362247e+00 -1
9.605309e+00 -6.699496e+00 -1
1.006321e+01 -9.854089e+00 -1
1.114332e+01 -8.086592e+00 -1
8.696613e+00 -6.821576e+00 -1
1.049983e+01 -7.824248e+00 -1
1.293662e+01 -8.380942e+00 -1
1.272849e+01 -8.583271e+00 -1
1.429220e+01 -7.229628e+00 -1
1.137247e+01 -8.597655e+00 -1
9.198015e+00 -9.547512e+00 -1
1.036006e+01 -7.897473e+00 -1
1.062329e+01 -8.800468e+00 -1
1.176032e+01 -7.004956e+00 -1
9.711243e+00 -1.111938e+01 -1
1.078582e+01 -9.250831e+00 -1
1.158924e+01 -7.342930e+00 -1
1.569497e+01 -6.904709e+00 -1
1.078815e+01 -9.626177e+00 -1
9.487219e+00 -8.155273e+00 -1
9.360849e+00 -9.522591e+00 -1
1.018520e+01 -6.637416e+00 -1
1.503238e+01 -7.390760e+00 -1
9.927545e+00 -8.122868e+00 -1
1.201876e+01 -7.783933e+00 -1
1.053583e+01 -7.220074e+00 -1
1.335281e+01 -7.667736e+00 -1
1.268009e+01 -8.139471e+00 -1
1.176374e+01 -8.626669e+00 -1
1.625976e+01 -8.948033e+00 -1
7.440011e+00 -8.296283e+00 -1
9.145903e+00 -7.549178e+00 -1
9.051618e+00 -8.363008e+00 -1
1.314172e+01 -8.188335e+00 -1
1.028307e+01 -8.208219e+00 -1
1.152849e+01 -7.541614e+00 -1
1.194685e+01 -7.158788e+00 -1
1.292551e+01 -7.005059e+00 -1
1.013240e+01 -7.702646e+00 -1
8.611259e+00 -8.277220e+00 -1
9.251567e+00 -8.016068e+00 -1
1.532932e+01 -7.917896e+00 -1
1.425721e+01 -7.760602e+00 -1
9.126727e+00 -8.028985e+00 -1
1.497560e+01 -7.292048e+00 -1
1.021146e+01 -8.388212e+00 -1
1.350938e+01 -8.326446e+00 -1
1.176392e+01 -8.925938e+00 -1
1.472788e+01 -8.385883e+00 -1
1.212826e+01 -7.706306e+00 -1
1.155559e+01 -8.548866e+00 -1
1.378257e+01 -5.982604e+00 -1
1.150820e+01 -9.411835e+00 -1
1.221002e+01 -6.635939e+00 -1
1.213518e+01 -7.485867e+00 -1
1.092650e+01 -9.131453e+00 -1
8.657454e+00 -7.505883e+00 -1
1.208823e+01 -5.565499e+00 -1
1.515217e+01 -8.699146e+00 -1
1.529660e+01 -7.878897e+00 -1
8.532635e+00 -8.561191e+00 -1
1.125862e+01 -9.536229e+00 -1
1.150449e+01 -7.743112e+00 -1
1.061105e+01 -8.202550e+00 -1
1.131352e+01 -7.028747e+00 -1
1.178961e+01 -7.523917e+00 -1
1.171741e+01 -7.698548e+00 -1
1.323857e+01 -8.814525e+00 -1
7.605370e+00 -8.509518e+00 -1
1.112537e+01 -7.041446e+00 -1
1.191661e+01 -6.996888e+00 -1
1.280695e+01 -6.854933e+00 -1
1.349930e+01 -7.399703e+00 -1
1.036130e+01 -7.678536e+00 -1
7.488418e+00 -8.703491e+00 -1
1.345275e+01 -6.763689e+00 -1
8.208998e+00 -6.696199e+00 -1
1.197851e+01 -8.475836e+00 -1
1.214462e+01 -7.768173e+00 -1
1.155322e+01 -6.082161e+00 -1
1.207845e+01 -1.053724e+01 -1
1.244307e+01 -9.149931e+00 -1
1.033798e+01 -7.869194e+00 -1
1.039801e+01 -9.636622e+00 -1
1.423306e+01 -9.039328e+00 -1
1.545059e+01 -7.670418e+00 -1
1.192045e+01 -9.869248e+00 -1
8.592858e+00 -7.467429e+00 -1
1.119123e+01 -7.175301e+00 -1
1.133215e+01 -7.506940e+00 -1
1.371564e+01 -9.130095e+00 -1
1.171417e+01 -6.808014e+00 -1
7.290092e+00 -8.089616e+00 -1
1.228305e+01 -9.594012e+00 -1
6.030000e+00 -8.389125e+00 -1
1.303314e+01 -7.985852e+00 -1
8.688290e+00 -7.014081e+00 -1
1.034229e+01 -8.810439e+00 -1
1.395663e+01 -6.693658e+00 -1
1.412119e+01 -7.476231e+00 -1
1.025291e+01 -7.938036e+00 -1
1.059543e+01 -7.279180e+00 -1
1.064204e+01 -7.749324e+00 -1
1.359702e+01 -8.289985e+00 -1
1.353165e+01 -7.993696e+00 -1
9.050810e+00 -6.044479e+00 -1
8.754703e+00 -8.213399e+00 -1
1.372206e+01 -7.012505e+00 -1
1.135401e+01 -6.961073e+00 -1
1.279045e+01 -8.291887e+00 -1
1.287324e+01 -6.768629e+00 -1
9.709717e+00 -7.553711e+00 -1
8.096741e+00 -7.495282e+00 -1
1.095512e+01 -7.911017e+00 -1
9.405034e+00 -7.792761e+00 -1
9.640284e+00 -8.494781e+00 -1
9.202977e+00 -8.138042e+00 -1
