SVMTorch V2.08 [Bricoladonf]
0
0
2
0.01
1
1
X
79
2
-2.5592044
100 2.605051 0.7677068 
100 6.630239 0.5049428 
100 4.455908 0.6075376 
100 6.188851 0.4544254 
100 6.503232 0.6387096 
100 5.341572 -0.08907131 
100 7.614011 0.4754363 
100 7.192941 0.5326713 
100 7.461683 0.5040221 
100 7.610589 -0.2890852 
100 7.115267 -1.063503 
100 5.907969 -1.081208 
100 5.504789 0.8596047 
96.702221053945606854540528729558 4.720556 1.000528 
100 7.5813 0.8530183 
100 9.91674 -0.8013681 
100 4.617861 -0.282752 
100 4.304612 0.8953462 
100 5.448348 0.7142116 
100 5.316313 0.3749392 
100 1.777144 1.226894 
100 6.135897 -1.054275 
100 5.371113 0.647059 
100 6.356126 0.7541079 
100 7.465475 0.2829931 
64.14089294720832867824356071651 3.035901 1.282871 
100 8.340455 0.2085207 
100 7.422941 0.4386543 
100 7.384728 -1.72545 
100 7.307357 -0.1912445 
100 6.490103 0.8484566 
100 7.443565 0.5576298 
100 6.455578 -0.001299087 
100 6.601512 -0.5902537 
100 7.306595 -0.1353292 
20.260845092244913701051700627431 4.862703 0.9853853 
100 2.639862 0.7719352 
100 5.564993 -0.03482563 
100 7.587376 -0.1212767 
100 5.052715 0.3490904 
-100 7.506739 -0.08473312 
-100 7.630171 -0.3048835 
-100 2.843719 0.3851913 
-100 7.737331 -0.02357342 
-100 0.9534013 1.187531 
-81.103959093398003687980235554278 6.616734 -0.3047307 
-100 7.177028 0.1533868 
-100 3.821106 1.219894 
-100 8.410481 -0.4858223 
-100 9.121458 -0.7296442 
-100 7.208035 -0.2930137 
-100 7.462913 0.7369116 
-100 2.698578 0.1945858 
-100 7.407753 0.7471562 
-100 6.701634 1.467262 
-100 4.776547 0.9635255 
-100 6.56003 -0.03870742 
-100 8.884575 -0.4857839 
-100 2.53206 0.3052074 
-100 11.1881 -0.004206249 
-100 4.90811 -0.00135302 
-100 4.805548 1.737826 
-100 2.431888 1.019243 
-100 8.801292 -0.2589867 
-100 6.523466 -0.1440683 
-100 4.705406 0.7218135 
-100 7.753789 -0.2910133 
-100 5.199953 -0.04187487 
-100 1.549718 0.4509869 
-100 9.694975 -0.4047087 
-100 4.185196 -0.137416 
-100 7.78257 0.5173963 
-100 6.210016 -0.1359387 
-100 6.088228 0.9345012 
-100 7.452749 -0.2636894 
-100 5.553223 0.4178393 
-100 7.956631 -0.1936582 
-100 3.05081 0.4555207 
-100 6.873243 -0.2686294 
