SVMTorch V2.08 [Bricoladonf]
0
0
2
0.01
1
1
X
147
2
3.0180946
100 3.33758 1.565048 
100 2.999908 1.140097 
100 2.170686 2.125516 
100 2.502887 4.027607 
100 3.525038 1.589453 
100 3.224251 6.085629 
100 1.52241 1.943561 
100 1.898467 2.654686 
100 0.6666592 2.561949 
100 1.352854 2.609106 
100 2.641869 1.498665 
100 3.633446 2.094054 
100 4.294192 5.127796 
100 2.962394 0.5508202 
100 1.752942 1.891109 
100 2.87122 1.309903 
100 1.528603 2.81619 
100 4.745216 3.003673 
100 2.121433 3.748784 
100 4.743458 3.04092 
100 2.545704 1.410018 
100 5.741067 4.53783 
100 0.1890852 3.268023 
100 1.705011 1.902928 
100 4.187949 4.345954 
100 1.277341 2.141016 
100 3.082587 1.979479 
100 3.130079 0.3832691 
100 2.254162 3.99926 
100 1.229842 1.708186 
100 4.778615 0.4029661 
100 2.563245 2.628221 
100 5.53933 5.676829 
100 2.457068 0.5513122 
100 2.09965 1.765038 
100 2.585351 0.5686681 
100 0.04503302 4.181279 
100 3.455491 5.271421 
100 1.789115 2.184048 
100 3.493458 0.8055385 
100 2.887169 1.809916 
100 -0.0588662 2.863758 
100 3.744139 3.952448 
100 1.754919 2.906236 
100 3.067638 1.120415 
100 2.596241 2.454853 
100 1.452457 2.065125 
100 2.15935 4.599067 
100 2.453537 1.721837 
100 1.759442 2.745637 
100 1.22672 2.85546 
100 1.992281 1.454653 
100 3.557024 0.237176 
100 2.071988 2.648141 
62.482949167355592123840324347839 1.791783 1.12226 
100 2.404059 1.042518 
100 4.47802 2.510446 
100 2.790429 1.934818 
100 4.601427 3.831933 
100 1.793106 1.571413 
100 1.704589 1.61594 
100 2.061513 1.413369 
100 2.622166 1.344463 
100 3.00853 1.274175 
100 1.271481 3.245018 
100 3.517389 3.126202 
100 2.317077 1.812083 
100 0.8903492 2.524975 
100 3.307977 1.217323 
100 2.697919 4.076204 
100 2.672786 0.7479959 
100 1.924637 1.674313 
100 2.795088 1.470505 
-100 0.373907 4.953868 
-100 2.605051 0.7677068 
-100 1.973098 1.981215 
-100 2.884289 1.389131 
-100 4.455908 0.6075376 
-100 -0.3486587 5.086573 
-100 3.36512 2.37009 
-100 1.896418 3.127369 
-100 0.6086132 3.228344 
-100 4.066533 1.334383 
-100 -1.93805 6.535826 
-100 2.52964 2.09013 
-100 4.539628 1.274691 
-100 2.240685 1.701251 
-100 5.341572 -0.08907131 
-100 2.219471 2.546908 
-100 1.289964 2.011403 
-100 3.460208 2.050882 
-100 0.08625591 5.099852 
-100 2.556914 3.216203 
-100 1.743645 3.918857 
-100 5.907969 -1.081208 
-100 4.720556 1.000528 
-100 -0.3178231 6.05409 
-100 3.97304 1.253565 
-11.61662009770905967798171332106 3.346994 2.454456 
-100 1.275619 3.803653 
-100 -0.151145 5.210508 
-100 4.207706 1.127866 
-100 4.617861 -0.282752 
-100 4.304612 0.8953462 
-100 4.047661 1.531404 
-100 -0.3881364 6.089829 
-100 1.289479 3.22662 
-100 1.379636 4.408768 
-100 2.527693 1.629177 
-100 3.798648 1.291912 
-100 1.578275 4.05976 
-100 4.05306 1.252704 
-100 5.316313 0.3749392 
-100 0.03222175 5.445781 
-100 2.952235 1.674655 
-100 3.866192 1.872852 
-100 2.466437 2.818718 
-100 1.777144 1.226894 
-100 6.135897 -1.054275 
-100 1.58008 3.020064 
-100 1.549778 3.553983 
-50.866329069649999894409120315686 0.4893919 5.323183 
-100 -1.059118 5.934342 
-100 2.900233 1.758621 
-100 1.953859 2.340526 
-100 3.035901 1.282871 
-100 2.601724 3.165421 
-100 1.325667 3.546055 
-100 1.377677 3.000246 
-100 0.8451792 3.966309 
-100 0.1781662 2.410358 
-100 2.430041 2.801017 
-100 2.16665 2.533589 
-100 1.003819 3.842912 
-100 7.384728 -1.72545 
-100 3.506837 2.183689 
-100 2.941799 2.061565 
-100 2.636289 2.763594 
-100 2.637691 2.189752 
-100 4.862703 0.9853853 
-100 2.639862 0.7719352 
-100 3.936613 1.437139 
-100 1.821395 2.864072 
-100 5.564993 -0.03482563 
-100 2.975377 1.381107 
-100 5.052715 0.3490904 
-100 3.484018 1.261709 
