750 3
4.161206e+00 3.630365e+00 +1
4.845758e+00 3.200583e+00 +1
6.671645e+00 2.329845e+00 +1
6.125240e+00 9.932748e-01 +1
-3.456211e-01 7.886156e+00 +1
3.687068e+00 4.276572e+00 +1
3.739070e-01 4.953868e+00 +1
2.775228e+00 4.503874e+00 +1
6.622870e+00 2.067280e+00 +1
3.688696e+00 3.113567e+00 +1
4.464781e+00 2.590925e+00 +1
2.605051e+00 7.677068e-01 +1
4.432279e+00 4.321638e+00 +1
4.840785e+00 2.937859e+00 +1
4.833963e+00 1.234611e+00 +1
1.973098e+00 1.981215e+00 +1
5.038030e-01 6.231899e+00 +1
2.884289e+00 1.389131e+00 +1
4.927867e+00 2.350954e+00 +1
6.630239e+00 5.049428e-01 +1
4.455908e+00 6.075376e-01 +1
1.517368e+00 4.694204e+00 +1
-3.486587e-01 5.086573e+00 +1
2.599414e+00 3.918149e+00 +1
-1.067731e+00 7.341513e+00 +1
3.745557e+00 2.871813e+00 +1
2.965638e+00 6.700425e+00 +1
3.389408e+00 3.913316e+00 +1
4.395607e+00 1.776606e+00 +1
3.413963e+00 2.616848e+00 +1
3.504920e+00 3.688710e+00 +1
3.365120e+00 2.370090e+00 +1
1.896418e+00 3.127369e+00 +1
5.078908e+00 2.710647e+00 +1
2.306229e+00 5.550197e+00 +1
6.914589e+00 2.173393e+00 +1
1.895914e+00 8.904829e+00 +1
5.941703e-01 6.107134e+00 +1
2.944465e+00 3.323179e+00 +1
2.515724e+00 4.096613e+00 +1
3.500963e+00 3.318252e+00 +1
6.086132e-01 3.228344e+00 +1
2.785395e+00 4.240681e+00 +1
5.277126e+00 1.940064e+00 +1
3.691686e+00 4.723291e+00 +1
1.635584e+00 4.939794e+00 +1
3.503233e+00 5.355584e+00 +1
2.685527e+00 5.367875e+00 +1
4.066533e+00 1.334383e+00 +1
1.837790e+00 6.480284e+00 +1
6.188851e+00 4.544254e-01 +1
1.970697e+00 3.912907e+00 +1
2.770144e+00 5.847319e+00 +1
-1.938050e+00 6.535826e+00 +1
2.466165e+00 5.114897e+00 +1
2.515231e+00 4.088766e+00 +1
2.529640e+00 2.090130e+00 +1
3.839369e+00 3.630459e+00 +1
5.745316e+00 2.945050e+00 +1
2.089792e+00 4.519139e+00 +1
3.225599e+00 3.538456e+00 +1
2.584164e+00 5.380296e+00 +1
4.578337e+00 1.858684e+00 +1
3.265797e+00 4.403077e+00 +1
4.044380e+00 3.647574e+00 +1
6.554483e+00 2.783759e+00 +1
4.539628e+00 1.274691e+00 +1
4.402303e+00 6.444207e+00 +1
6.503232e+00 6.387096e-01 +1
7.170695e+00 1.263569e+00 +1
2.240685e+00 1.701251e+00 +1
4.074620e+00 4.413058e+00 +1
4.031673e+00 3.634038e+00 +1
5.341572e+00 -8.907131e-02 +1
9.366313e-01 6.484471e+00 +1
7.614011e+00 4.754363e-01 +1
2.219471e+00 2.546908e+00 +1
1.220767e+00 6.775071e+00 +1
-6.054266e-01 7.509288e+00 +1
4.412303e+00 2.266876e+00 +1
6.265683e+00 2.441254e+00 +1
2.644443e+00 3.569007e+00 +1
4.342201e+00 3.661862e+00 +1
2.809910e+00 5.963844e+00 +1
1.538587e+00 4.909092e+00 +1
1.289964e+00 2.011403e+00 +1
7.192941e+00 5.326713e-01 +1
3.460208e+00 2.050882e+00 +1
7.461683e+00 5.040221e-01 +1
2.681189e+00 4.593105e+00 +1
-7.063957e-01 7.417252e+00 +1
5.653976e+00 1.466104e+00 +1
7.214681e+00 2.948790e+00 +1
2.705163e+00 6.691343e+00 +1
4.594048e+00 2.636835e+00 +1
2.571566e+00 4.961240e+00 +1
7.610589e+00 -2.890852e-01 +1
7.174155e+00 3.003804e+00 +1
5.698384e+00 2.916533e+00 +1
8.625591e-02 5.099852e+00 +1
3.360498e+00 3.090543e+00 +1
4.293789e+00 2.307194e+00 +1
3.267749e-01 5.724226e+00 +1
2.556914e+00 3.216203e+00 +1
8.929903e-01 6.873717e+00 +1
3.441766e+00 4.479105e+00 +1
3.677269e+00 3.381913e+00 +1
7.115267e+00 -1.063503e+00 +1
1.743645e+00 3.918857e+00 +1
5.907969e+00 -1.081208e+00 +1
3.422763e+00 2.966394e+00 +1
2.773210e+00 3.365649e+00 +1
2.494217e+00 5.119893e+00 +1
3.925395e+00 2.601891e+00 +1
3.548237e+00 4.175984e+00 +1
3.679587e+00 2.966240e+00 +1
7.071829e+00 4.124513e+00 +1
4.982707e+00 1.850557e+00 +1
2.502308e+00 4.188775e+00 +1
6.231349e+00 1.079447e+00 +1
1.670314e+00 5.251849e+00 +1
3.067828e+00 4.328269e+00 +1
2.099236e+00 4.934131e+00 +1
5.504789e+00 8.596047e-01 +1
4.846809e+00 2.783482e+00 +1
2.963458e+00 4.414943e+00 +1
4.582865e+00 2.700321e+00 +1
4.347663e-01 7.976592e+00 +1
3.994069e+00 4.478866e+00 +1
5.048459e+00 5.435492e+00 +1
4.155401e+00 3.484153e+00 +1
4.319039e+00 2.361123e+00 +1
3.139988e+00 5.255551e+00 +1
5.884316e+00 3.182264e+00 +1
4.861978e+00 1.745153e+00 +1
3.882293e+00 2.210489e+00 +1
4.720556e+00 1.000528e+00 +1
6.185501e+00 9.799792e-01 +1
7.581300e+00 8.530183e-01 +1
2.639175e+00 6.913773e+00 +1
3.513873e+00 4.685572e+00 +1
2.293534e+00 4.001185e+00 +1
4.750656e+00 3.095254e+00 +1
5.458898e+00 1.756269e+00 +1
-3.178231e-01 6.054090e+00 +1
5.858781e+00 1.825312e+00 +1
3.973040e+00 1.253565e+00 +1
4.712929e+00 2.839788e+00 +1
3.666216e+00 3.921591e+00 +1
5.698450e+00 2.243582e+00 +1
4.494698e+00 3.406986e+00 +1
3.346994e+00 2.454456e+00 +1
9.916740e+00 -8.013681e-01 +1
1.275619e+00 3.803653e+00 +1
4.480124e+00 4.639283e+00 +1
-1.511450e-01 5.210508e+00 +1
4.207706e+00 1.127866e+00 +1
4.321159e+00 3.155692e+00 +1
4.169111e+00 3.407880e+00 +1
7.142267e-01 6.992318e+00 +1
3.629958e+00 3.212364e+00 +1
3.610757e+00 3.084327e+00 +1
5.474208e+00 1.042154e+00 +1
4.617861e+00 -2.827520e-01 +1
2.060775e+00 3.915188e+00 +1
4.304612e+00 8.953462e-01 +1
1.916489e+00 5.537991e+00 +1
2.557307e+00 4.350610e+00 +1
2.960841e+00 4.935921e+00 +1
4.047661e+00 1.531404e+00 +1
1.112222e+00 5.657387e+00 +1
3.619941e+00 3.033704e+00 +1
5.621088e+00 5.957890e+00 +1
6.448147e+00 1.780019e+00 +1
-3.881364e-01 6.089829e+00 +1
4.698691e+00 3.879061e+00 +1
2.874942e+00 5.074762e+00 +1
2.359583e+00 4.853051e+00 +1
1.289479e+00 3.226620e+00 +1
1.319340e+00 5.282780e+00 +1
1.379636e+00 4.408768e+00 +1
2.527693e+00 1.629177e+00 +1
1.254799e-01 7.063311e+00 +1
6.613734e+00 1.673889e+00 +1
5.218610e+00 2.715383e+00 +1
1.314957e+00 6.598378e+00 +1
3.183323e+00 4.022252e+00 +1
-7.031542e-01 9.428539e+00 +1
5.150531e+00 2.690401e+00 +1
2.981915e+00 3.549033e+00 +1
4.044417e+00 3.813840e+00 +1
9.822456e-01 4.875298e+00 +1
3.798648e+00 1.291912e+00 +1
1.578275e+00 4.059760e+00 +1
4.053060e+00 1.252704e+00 +1
4.255972e+00 1.678047e+00 +1
1.934399e+00 5.589886e+00 +1
-1.449452e-01 8.137855e+00 +1
3.272878e+00 2.996021e+00 +1
5.448348e+00 7.142116e-01 +1
2.947736e+00 4.527813e+00 +1
2.288313e+00 3.985594e+00 +1
5.316313e+00 3.749392e-01 +1
3.057323e+00 7.505424e+00 +1
4.069038e+00 4.096626e+00 +1
3.222175e-02 5.445781e+00 +1
4.467574e+00 3.171422e+00 +1
4.640206e+00 3.410805e+00 +1
-1.747706e-01 6.214754e+00 +1
2.952235e+00 1.674655e+00 +1
4.234992e+00 3.845248e+00 +1
2.264411e+00 5.900119e+00 +1
3.866192e+00 1.872852e+00 +1
3.827326e+00 4.794710e+00 +1
1.794936e+00 6.373449e+00 +1
5.839071e+00 1.354773e+00 +1
2.466437e+00 2.818718e+00 +1
4.324537e+00 2.458417e+00 +1
1.777144e+00 1.226894e+00 +1
7.669544e+00 1.085514e+00 +1
3.245033e+00 3.899561e+00 +1
5.778149e+00 3.139428e+00 +1
4.930776e-01 7.652014e+00 +1
2.366994e+00 4.221642e+00 +1
6.135897e+00 -1.054275e+00 +1
4.815934e+00 5.326185e+00 +1
1.580080e+00 3.020064e+00 +1
8.175596e-01 6.724898e+00 +1
3.041386e+00 5.861523e+00 +1
1.626255e+00 4.609459e+00 +1
3.900974e+00 4.269531e+00 +1
5.371113e+00 6.470590e-01 +1
6.739734e+00 1.970032e+00 +1
1.549778e+00 3.553983e+00 +1
2.781021e+00 3.921896e+00 +1
3.767787e+00 3.065538e+00 +1
4.893919e-01 5.323183e+00 +1
-1.059118e+00 5.934342e+00 +1
2.900827e+00 4.227180e+00 +1
2.900233e+00 1.758621e+00 +1
1.953859e+00 2.340526e+00 +1
6.356126e+00 7.541079e-01 +1
4.676522e+00 1.648884e+00 +1
4.704215e+00 4.357886e+00 +1
4.242517e+00 3.611149e+00 +1
7.465475e+00 2.829931e-01 +1
3.467662e+00 4.968385e+00 +1
2.492671e+00 4.905227e+00 +1
1.891524e+00 7.867588e+00 +1
5.248440e+00 3.456149e+00 +1
3.035901e+00 1.282871e+00 +1
4.841972e+00 2.552522e+00 +1
4.200124e+00 2.620429e+00 +1
1.984661e+00 4.081290e+00 +1
2.601724e+00 3.165421e+00 +1
1.325667e+00 3.546055e+00 +1
1.790149e+00 5.519420e+00 +1
3.406660e+00 4.292336e+00 +1
3.743638e+00 4.158280e+00 +1
3.211758e+00 5.627433e+00 +1
1.377677e+00 3.000246e+00 +1
3.562889e+00 3.314651e+00 +1
2.338480e+00 6.328063e+00 +1
3.191115e+00 4.057436e+00 +1
4.907798e+00 1.553469e+00 +1
4.584484e+00 1.590646e+00 +1
6.895868e+00 1.193602e+00 +1
3.399965e+00 2.754824e+00 +1
8.451792e-01 3.966309e+00 +1
3.018295e+00 4.126701e+00 +1
2.607741e+00 3.260226e+00 +1
4.862060e+00 3.545145e+00 +1
1.781662e-01 2.410358e+00 +1
2.430041e+00 2.801017e+00 +1
4.474914e+00 3.454323e+00 +1
8.340455e+00 2.085207e-01 +1
2.166650e+00 2.533589e+00 +1
2.080099e+00 4.700312e+00 +1
1.003819e+00 3.842912e+00 +1
3.757852e+00 5.169133e+00 +1
7.422941e+00 4.386543e-01 +1
2.484346e+00 4.341893e+00 +1
4.535050e+00 2.770514e+00 +1
3.649510e+00 4.453472e+00 +1
5.772538e+00 1.697355e+00 +1
4.856377e+00 1.946381e+00 +1
3.718295e+00 2.395462e+00 +1
7.384728e+00 -1.725450e+00 +1
2.074555e-01 6.373537e+00 +1
2.213084e+00 5.424474e+00 +1
1.555967e+00 4.930663e+00 +1
5.221613e+00 1.512041e+00 +1
2.731884e+00 3.973650e+00 +1
4.281815e+00 3.366440e+00 +1
4.914822e+00 3.274831e+00 +1
5.871070e+00 2.535989e+00 +1
2.958897e+00 4.461625e+00 +1
1.235265e+00 5.372686e+00 +1
1.974451e+00 5.002825e+00 +1
7.307357e+00 -1.912445e-01 +1
6.490103e+00 8.484566e-01 +1
1.857202e+00 5.101807e+00 +1
7.443565e+00 5.576298e-01 +1
2.542598e+00 3.908388e+00 +1
5.442353e+00 1.095983e+00 +1
3.506837e+00 2.183689e+00 +1
6.455578e+00 -1.299087e-03 +1
4.684773e+00 2.730573e+00 +1
3.593047e+00 2.630740e+00 +1
7.336291e+00 2.516738e+00 +1
2.941799e+00 2.061565e+00 +1
5.512442e+00 3.416632e+00 +1
4.846641e+00 2.880452e+00 +1
2.636289e+00 2.763594e+00 +1
1.820689e+00 5.878098e+00 +1
6.163886e+00 4.279019e+00 +1
6.601512e+00 -5.902537e-01 +1
7.306595e+00 -1.353292e-01 +1
9.663773e-01 5.239978e+00 +1
2.637691e+00 2.189752e+00 +1
4.118551e+00 3.244745e+00 +1
3.019936e+00 3.693615e+00 +1
4.458298e+00 3.915262e+00 +1
4.520468e+00 3.152815e+00 +1
4.334457e+00 3.091861e+00 +1
4.862703e+00 9.853853e-01 +1
1.998805e-01 6.079552e+00 +1
4.286372e+00 4.069229e+00 +1
5.003118e+00 3.415497e+00 +1
5.874545e+00 2.744825e+00 +1
6.088927e+00 1.760020e+00 +1
3.174180e+00 4.280438e+00 +1
-3.856250e-02 6.043676e+00 +1
6.498347e+00 2.250061e+00 +1
2.004848e+00 6.839005e+00 +1
4.010945e+00 2.316121e+00 +1
4.655197e+00 2.672656e+00 +1
5.335222e+00 4.377012e+00 +1
2.639862e+00 7.719352e-01 +1
3.936613e+00 1.437139e+00 +1
3.019170e+00 4.165817e+00 +1
1.821395e+00 2.864072e+00 +1
5.564993e+00 -3.482563e-02 +1
7.587376e+00 -1.212767e-01 +1
2.975377e+00 1.381107e+00 +1
1.791938e+00 5.961231e+00 +1
4.248759e+00 3.917541e+00 +1
4.136294e+00 3.560998e+00 +1
5.052715e+00 3.490904e-01 +1
4.961349e+00 3.724373e+00 +1
2.237573e-01 6.649507e+00 +1
3.484018e+00 1.261709e+00 +1
-1.079299e+00 7.528993e+00 +1
5.270753e+00 1.749256e+00 +1
2.195150e+00 6.199150e+00 +1
2.357343e+00 3.496523e+00 +1
6.984241e+00 1.863205e+00 +1
6.573393e+00 1.167328e+00 +1
2.896818e+00 4.190812e+00 +1
3.659332e+00 4.360062e+00 +1
3.367251e+00 3.987258e+00 +1
5.544033e+00 1.045866e+00 +1
5.696931e+00 1.311984e+00 +1
3.194714e+00 6.570810e+00 +1
1.404620e+00 5.293588e+00 +1
6.555641e+00 1.840887e+00 +1
4.541215e+00 3.928050e+00 +1
4.844178e+00 1.743031e+00 +1
5.992986e+00 2.748435e+00 +1
2.698156e+00 4.932992e+00 +1
1.342594e+00 6.371185e+00 +1
3.524054e+00 3.601786e+00 +1
2.265259e+00 5.027821e+00 +1
1.972588e+00 4.327686e+00 +1
1.846121e+00 4.958657e+00 +1
5.306482e+00 -9.402749e-01 -1
5.949842e+00 -7.601258e-01 -1
7.506739e+00 -8.473312e-02 -1
7.962941e+00 -1.416197e+00 -1
2.473814e-01 -1.117784e+00 -1
4.659650e+00 -8.186037e-01 -1
2.355758e+00 -2.682442e+00 -1
4.001965e+00 -1.302645e+00 -1
7.630171e+00 -3.048835e-01 -1
5.332051e+00 -1.639821e+00 -1
6.081872e+00 -1.460610e+00 -1
6.060791e+00 -4.064848e+00 -1
5.063879e+00 -2.597933e-01 -1
6.098655e+00 -9.494158e-01 -1
7.078087e+00 -2.158618e+00 -1
4.995314e+00 -3.653626e+00 -1
1.692882e+00 -1.686887e+00 -1
5.863230e+00 -3.427983e+00 -1
6.487781e+00 -1.302844e+00 -1
8.536441e+00 -1.404412e+00 -1
7.221858e+00 -2.869351e+00 -1
3.165853e+00 -2.057502e+00 -1
1.861968e+00 -3.099536e+00 -1
4.238628e+00 -1.841135e+00 -1
1.449211e-01 -2.013514e+00 -1
5.504456e+00 -1.770560e+00 -1
2.843719e+00 3.851913e-01 -1
4.697521e+00 -1.285942e+00 -1
6.512081e+00 -2.085334e+00 -1
5.460214e+00 -2.185320e+00 -1
4.893889e+00 -1.363083e+00 -1
5.574481e+00 -2.394341e+00 -1
4.289310e+00 -2.897394e+00 -1
6.367316e+00 -9.417005e-01 -1
3.127094e+00 -8.944159e-01 -1
7.737331e+00 -2.357342e-02 -1
9.534013e-01 1.187531e+00 -1
1.817089e+00 -1.711210e+00 -1
4.781349e+00 -2.017854e+00 -1
4.087273e+00 -1.774119e+00 -1
5.105488e+00 -1.627835e+00 -1
3.487498e+00 -3.736609e+00 -1
4.159790e+00 -1.481561e+00 -1
6.926654e+00 -1.346423e+00 -1
4.404403e+00 -4.994603e-01 -1
3.092314e+00 -1.800253e+00 -1
3.930544e+00 -1.856181e-01 -1
3.451346e+00 -7.551320e-01 -1
6.577407e+00 -2.630723e+00 -1
2.319655e+00 -5.679810e-01 -1
8.310772e+00 -1.752242e+00 -1
3.878664e+00 -2.289411e+00 -1
3.223392e+00 -3.562807e-01 -1
1.076054e-01 -3.198628e+00 -1
3.470754e+00 -1.089128e+00 -1
4.091519e+00 -1.780016e+00 -1
5.253751e+00 -3.183076e+00 -1
5.120614e+00 -1.167782e+00 -1
6.616734e+00 -3.047307e-01 -1
3.597416e+00 -1.776528e+00 -1
4.819372e+00 -1.666838e+00 -1
3.385652e+00 -8.180239e-01 -1
6.570193e+00 -1.898086e+00 -1
4.343391e+00 -1.027034e+00 -1
5.229096e+00 -1.010715e+00 -1
7.177028e+00 1.533868e-01 -1
6.885012e+00 -2.338403e+00 -1
3.821106e+00 1.219894e+00 -1
8.385883e+00 -1.399633e+00 -1
8.410481e+00 -4.858223e-01 -1
5.311442e+00 -3.662378e+00 -1
4.804603e+00 -4.480530e-01 -1
5.229575e+00 -1.029271e+00 -1
8.135384e+00 -2.735668e+00 -1
1.796954e+00 -1.202236e+00 -1
9.121458e+00 -7.296442e-01 -1
4.810954e+00 -3.079409e+00 -1
1.793221e+00 -7.958361e-01 -1
3.149676e-01 -1.567980e+00 -1
6.238663e+00 -1.726854e+00 -1
7.208035e+00 -2.930137e-01 -1
4.466203e+00 -2.056175e+00 -1
5.392794e+00 -7.900200e-01 -1
3.179076e+00 -2.457663e-01 -1
3.054038e+00 -1.890549e+00 -1
4.583477e+00 -4.115329e+00 -1
8.845308e+00 -9.869148e-01 -1
5.813675e+00 -2.552818e+00 -1
9.017007e+00 -8.171436e-01 -1
3.896155e+00 -1.306045e+00 -1
3.098095e-01 -1.704455e+00 -1
7.417869e+00 -1.415091e+00 -1
7.462913e+00 7.369116e-01 -1
2.698578e+00 1.945858e-01 -1
6.129997e+00 -1.336742e+00 -1
3.620321e+00 -1.123249e+00 -1
9.560879e+00 -1.272663e+00 -1
7.407753e+00 7.471562e-01 -1
6.606102e+00 -3.580814e-01 -1
2.105399e+00 -2.782616e+00 -1
5.155859e+00 -1.888173e+00 -1
6.146961e+00 -1.782148e+00 -1
1.883780e+00 -2.171044e+00 -1
4.619359e+00 -2.367537e+00 -1
1.547026e+00 -9.578563e-01 -1
4.401092e+00 -8.488464e-01 -1
5.170524e+00 -1.458152e+00 -1
9.722015e+00 -2.170504e+00 -1
3.744141e+00 -2.445754e+00 -1
9.035204e+00 -3.036712e+00 -1
5.263485e+00 -1.931931e+00 -1
4.657955e+00 -2.108918e+00 -1
3.484065e+00 -1.065759e+00 -1
5.764126e+00 -1.834259e+00 -1
4.637570e+00 -9.878980e-01 -1
5.411851e+00 -1.750438e+00 -1
6.701634e+00 1.467262e+00 -1
6.808348e+00 -1.617900e+00 -1
4.026318e+00 -1.718438e+00 -1
7.974452e+00 -1.280234e+00 -1
2.932200e+00 -1.555039e+00 -1
4.272284e+00 -1.219917e+00 -1
3.363273e+00 -1.476406e+00 -1
7.681898e+00 -1.949442e+00 -1
6.191262e+00 -1.054317e+00 -1
4.161984e+00 -1.232430e+00 -1
6.086887e+00 -1.299757e+00 -1
6.457249e-01 -5.020189e-01 -1
4.720103e+00 -4.584779e-01 -1
4.776547e+00 9.635255e-01 -1
5.387545e+00 -1.047766e+00 -1
6.130403e+00 -1.726159e+00 -1
3.778579e+00 -5.132053e-01 -1
6.560030e+00 -3.870742e-02 -1
6.799499e+00 -1.777800e+00 -1
5.965216e+00 -2.141499e+00 -1
7.147759e+00 -2.404330e+00 -1
8.005409e+00 -1.382988e+00 -1
8.884575e+00 -4.857839e-01 -1
2.532060e+00 3.052074e-01 -1
4.323519e+00 -6.518642e-01 -1
4.014087e+00 -1.998709e+00 -1
5.955747e+00 -9.018509e-01 -1
7.137714e+00 -1.347854e+00 -1
1.321174e+00 -2.393594e+00 -1
7.328724e+00 -1.016273e+00 -1
6.570090e+00 -2.753979e+00 -1
6.081458e+00 -1.109170e+00 -1
4.852559e+00 -1.084358e+00 -1
6.994669e+00 -8.338827e-01 -1
5.627991e+00 -8.624129e-01 -1
5.515307e+00 -2.347503e+00 -1
1.118810e+01 -4.206249e-03 -1
3.540439e+00 -2.858160e+00 -1
4.908110e+00 -1.353020e-03 -1
1.904448e+00 -2.872237e+00 -1
6.778147e+00 -2.676928e+00 -1
5.672883e+00 -1.162816e+00 -1
5.439497e+00 -1.092005e+00 -1
1.375342e+00 -1.000397e+00 -1
5.241098e+00 -1.611495e+00 -1
5.303935e+00 -1.715608e+00 -1
7.558848e+00 -1.841984e+00 -1
7.829370e+00 -3.384363e+00 -1
3.929354e+00 -2.224103e+00 -1
6.968340e+00 -2.772822e+00 -1
2.909125e+00 -1.178634e+00 -1
3.964636e+00 -1.565113e+00 -1
3.859687e+00 -8.658937e-01 -1
6.452761e+00 -2.504753e+00 -1
2.375847e+00 -1.662911e+00 -1
5.338464e+00 -1.744909e+00 -1
4.805548e+00 1.737826e+00 -1
7.695145e+00 -6.315556e-01 -1
1.259945e+00 -2.418042e+00 -1
5.473214e+00 -3.843606e-01 -1
3.729933e+00 -8.284579e-01 -1
3.560395e+00 -1.349645e+00 -1
3.881591e+00 -3.256383e+00 -1
2.711707e+00 -1.781344e+00 -1
3.251130e+00 -2.356728e+00 -1
5.518758e+00 -3.510396e+00 -1
9.944414e-01 -1.366505e+00 -1
7.852021e+00 -5.895130e-01 -1
6.445238e+00 -8.395676e-01 -1
1.949615e+00 -8.541747e-01 -1
4.515644e+00 -1.354637e+00 -1
-8.495358e-01 -2.799687e-01 -1
6.420357e+00 -9.053714e-01 -1
4.672574e+00 -1.831670e+00 -1
5.133123e+00 -8.931206e-01 -1
2.752345e+00 -2.307839e+00 -1
6.447265e+00 -2.850178e+00 -1
3.567314e+00 -2.463055e+00 -1
6.616786e+00 -2.698005e+00 -1
6.488365e+00 -2.253762e+00 -1
2.889504e+00 -1.129274e+00 -1
2.179233e-01 -7.979071e-01 -1
5.159844e+00 -2.016967e+00 -1
7.733255e+00 -2.092160e+00 -1
4.087742e+00 -1.163737e+00 -1
4.020075e+00 -2.013425e+00 -1
7.852904e+00 -2.425424e+00 -1
2.431888e+00 1.019243e+00 -1
4.984072e+00 -6.757517e-01 -1
1.874480e+00 -2.576215e+00 -1
5.748334e+00 -1.048162e+00 -1
5.709795e+00 -7.568231e-01 -1
1.311006e+00 -2.178834e+00 -1
5.737611e+00 -3.178042e+00 -1
5.225018e+00 -7.361550e-01 -1
2.900923e+00 -6.765524e-01 -1
6.150856e+00 -2.391630e+00 -1
4.441480e+00 -3.530469e-01 -1
2.356594e+00 -6.738267e-01 -1
7.589011e+00 -1.362932e+00 -1
4.796610e+00 -2.712578e+00 -1
6.077405e+00 -1.653475e+00 -1
5.317687e+00 -4.325572e+00 -1
8.801292e+00 -2.589867e-01 -1
4.622108e+00 -1.397756e+00 -1
6.523466e+00 -1.440683e-01 -1
8.667859e-01 -6.902976e-01 -1
3.929218e+00 -1.790878e+00 -1
9.151248e+00 -2.856498e+00 -1
4.705406e+00 7.218135e-01 -1
4.168625e+00 -3.196955e+00 -1
1.589397e+00 -1.116424e+00 -1
3.371793e+00 -1.544404e-01 -1
3.277646e+00 -2.040432e+00 -1
4.787213e+00 -6.723282e-01 -1
7.727434e+00 -2.194257e+00 -1
7.753789e+00 -2.910133e-01 -1
3.842871e+00 -2.840843e+00 -1
4.341316e+00 -1.710070e+00 -1
5.405443e+00 -1.617857e+00 -1
2.209209e+00 -2.339636e+00 -1
9.623240e-01 -3.002444e+00 -1
4.234230e+00 -1.409486e+00 -1
5.659109e+00 -3.155440e+00 -1
4.776758e+00 -3.413159e+00 -1
8.234327e+00 -1.422053e+00 -1
6.748008e+00 -1.977010e+00 -1
5.199953e+00 -4.187487e-02 -1
5.364521e+00 -8.963672e-01 -1
9.146808e+00 -9.707533e-01 -1
4.133557e+00 -4.845616e-01 -1
3.607110e+00 -1.218644e+00 -1
1.549718e+00 4.509869e-01 -1
6.034780e+00 -2.946734e-01 -1
6.012112e+00 -3.395915e+00 -1
6.321815e+00 -1.221050e+00 -1
5.912037e+00 -1.626888e+00 -1
3.789511e+00 -2.160473e+00 -1
4.674550e+00 -2.371760e+00 -1
3.718059e+00 -3.004920e+00 -1
2.846904e+00 -1.281101e+00 -1
4.488655e+00 -1.005735e+00 -1
4.760606e+00 -8.622475e-01 -1
3.605309e+00 -1.994959e-01 -1
4.063209e+00 -3.354089e+00 -1
5.143320e+00 -1.586592e+00 -1
2.696614e+00 -3.215761e-01 -1
4.499829e+00 -1.324248e+00 -1
6.936623e+00 -1.880942e+00 -1
6.728493e+00 -2.083271e+00 -1
8.292205e+00 -7.296285e-01 -1
5.372472e+00 -2.097655e+00 -1
3.198015e+00 -3.047512e+00 -1
4.360062e+00 -1.397473e+00 -1
4.623288e+00 -2.300468e+00 -1
5.760321e+00 -5.049558e-01 -1
3.711243e+00 -4.619384e+00 -1
4.785817e+00 -2.750831e+00 -1
5.589239e+00 -8.429304e-01 -1
9.694975e+00 -4.047087e-01 -1
4.788148e+00 -3.126177e+00 -1
3.487219e+00 -1.655273e+00 -1
3.360849e+00 -3.022591e+00 -1
4.185196e+00 -1.374160e-01 -1
9.032380e+00 -8.907599e-01 -1
3.927545e+00 -1.622868e+00 -1
6.018756e+00 -1.283933e+00 -1
4.535832e+00 -7.200737e-01 -1
7.352808e+00 -1.167736e+00 -1
6.680087e+00 -1.639471e+00 -1
5.763738e+00 -2.126669e+00 -1
1.025976e+01 -2.448033e+00 -1
1.440011e+00 -1.796283e+00 -1
3.145903e+00 -1.049178e+00 -1
3.051618e+00 -1.863007e+00 -1
7.141723e+00 -1.688335e+00 -1
4.283066e+00 -1.708219e+00 -1
5.528492e+00 -1.041614e+00 -1
5.946849e+00 -6.587881e-01 -1
6.925510e+00 -5.050588e-01 -1
4.132400e+00 -1.202646e+00 -1
2.611259e+00 -1.777220e+00 -1
3.251567e+00 -1.516068e+00 -1
9.329320e+00 -1.417896e+00 -1
8.257206e+00 -1.260602e+00 -1
3.126727e+00 -1.528985e+00 -1
8.975596e+00 -7.920483e-01 -1
4.211461e+00 -1.888212e+00 -1
7.509378e+00 -1.826446e+00 -1
5.763920e+00 -2.425938e+00 -1
8.727880e+00 -1.885883e+00 -1
6.128258e+00 -1.206306e+00 -1
5.555589e+00 -2.048866e+00 -1
7.782570e+00 5.173963e-01 -1
5.508203e+00 -2.911835e+00 -1
6.210016e+00 -1.359387e-01 -1
6.135180e+00 -9.858674e-01 -1
4.926500e+00 -2.631453e+00 -1
2.657454e+00 -1.005883e+00 -1
6.088228e+00 9.345012e-01 -1
9.152168e+00 -2.199146e+00 -1
9.296597e+00 -1.378897e+00 -1
2.532635e+00 -2.061191e+00 -1
5.258617e+00 -3.036229e+00 -1
5.504492e+00 -1.243111e+00 -1
4.611051e+00 -1.702550e+00 -1
5.313522e+00 -5.287469e-01 -1
5.789614e+00 -1.023917e+00 -1
5.717413e+00 -1.198548e+00 -1
7.238570e+00 -2.314525e+00 -1
1.605370e+00 -2.009518e+00 -1
5.125368e+00 -5.414459e-01 -1
5.916614e+00 -4.968879e-01 -1
6.806945e+00 -3.549327e-01 -1
7.499296e+00 -8.997034e-01 -1
4.361302e+00 -1.178536e+00 -1
1.488418e+00 -2.203491e+00 -1
7.452749e+00 -2.636894e-01 -1
2.208998e+00 -1.961991e-01 -1
5.978507e+00 -1.975836e+00 -1
6.144621e+00 -1.268173e+00 -1
5.553223e+00 4.178393e-01 -1
6.078448e+00 -4.037243e+00 -1
6.443072e+00 -2.649931e+00 -1
4.337983e+00 -1.369194e+00 -1
4.398010e+00 -3.136622e+00 -1
8.233057e+00 -2.539328e+00 -1
9.450593e+00 -1.170418e+00 -1
5.920452e+00 -3.369248e+00 -1
2.592858e+00 -9.674290e-01 -1
5.191229e+00 -6.753015e-01 -1
5.332147e+00 -1.006940e+00 -1
7.715639e+00 -2.630094e+00 -1
5.714169e+00 -3.080143e-01 -1
1.290092e+00 -1.589616e+00 -1
6.283050e+00 -3.094012e+00 -1
3.000011e-02 -1.889125e+00 -1
7.033137e+00 -1.485852e+00 -1
2.688290e+00 -5.140808e-01 -1
4.342294e+00 -2.310439e+00 -1
7.956631e+00 -1.936582e-01 -1
8.121193e+00 -9.762309e-01 -1
4.252912e+00 -1.438036e+00 -1
4.595433e+00 -7.791796e-01 -1
4.642039e+00 -1.249324e+00 -1
7.597018e+00 -1.789985e+00 -1
7.531650e+00 -1.493696e+00 -1
3.050810e+00 4.555207e-01 -1
2.754703e+00 -1.713399e+00 -1
7.722064e+00 -5.125053e-01 -1
5.354011e+00 -4.610726e-01 -1
6.790448e+00 -1.791887e+00 -1
6.873243e+00 -2.686294e-01 -1
3.709716e+00 -1.053711e+00 -1
2.096741e+00 -9.952822e-01 -1
4.955121e+00 -1.411017e+00 -1
3.405034e+00 -1.292761e+00 -1
3.640283e+00 -1.994781e+00 -1
3.202977e+00 -1.638043e+00 -1
