750 3
1.077830e+00 8.611146e-01 +1
1.617320e+00 9.456798e-01 +1
3.337580e+00 1.565048e+00 +1
1.192708e+00 -9.024077e-01 +1
-1.018287e+00 2.342322e+00 +1
1.059881e+00 1.300545e+00 +1
-2.982930e+00 -1.113169e+00 +1
-1.103012e-02 6.946869e-01 +1
2.999908e+00 1.140097e+00 +1
-1.247801e-01 -3.595755e-01 +1
4.507252e-01 -3.142735e-01 +1
-4.067400e+00 -4.817493e+00 +1
2.170686e+00 2.125516e+00 +1
1.342073e+00 5.652066e-01 +1
-4.060443e-01 -1.875474e+00 +1
-3.731846e+00 -3.728533e+00 +1
-1.492940e+00 8.455452e-01 +1
-3.034167e+00 -3.644563e+00 +1
8.674941e-01 -1.845261e-01 +1
1.415884e+00 -1.084758e+00 +1
-1.586240e+00 -3.157330e+00 +1
-1.614091e+00 -3.171531e-01 +1
-3.879940e+00 -1.661016e+00 +1
-8.600485e-01 -3.216772e-01 +1
-2.605961e+00 8.270979e-01 +1
-2.902719e-01 -6.469763e-01 +1
2.502887e+00 4.027607e+00 +1
2.638172e-01 4.777019e-01 +1
-4.792262e-01 -1.548429e+00 +1
-1.024299e+00 -1.349720e+00 +1
1.996309e-01 2.746630e-01 +1
-1.345935e+00 -1.752154e+00 +1
-2.671624e+00 -2.169090e+00 +1
1.450422e+00 4.835838e-01 +1
3.867304e-01 1.711075e+00 +1
3.525038e+00 1.589453e+00 +1
3.224251e+00 6.085629e+00 +1
-1.491155e+00 7.595032e-01 +1
-9.742546e-01 -8.196450e-01 +1
-7.974856e-01 -1.520904e-01 +1
-1.841207e-01 -2.587122e-01 +1
-4.408671e+00 -3.339170e+00 +1
-2.651216e-01 3.289964e-01 +1
9.471777e-01 -4.151725e-01 +1
1.522410e+00 1.943561e+00 +1
-1.194523e+00 1.544150e-01 +1
1.898467e+00 2.654686e+00 +1
7.426174e-01 1.837681e+00 +1
-1.400772e+00 -2.516168e+00 +1
6.666592e-01 2.561949e+00 +1
7.336386e-01 -1.607431e+00 +1
-1.763752e+00 -9.708483e-01 +1
1.352854e+00 2.609106e+00 +1
-4.671833e+00 -1.212388e+00 +1
1.709819e-01 1.252322e+00 +1
-8.061989e-01 -1.638060e-01 +1
-2.825459e+00 -3.004888e+00 +1
6.180623e-01 5.327751e-01 +1
2.641869e+00 1.498665e+00 +1
-9.748480e-01 1.692849e-02 +1
-3.528330e-01 -2.251098e-01 +1
6.104592e-01 1.751975e+00 +1
-1.343579e-01 -1.244652e+00 +1
5.870542e-01 1.051347e+00 +1
9.284638e-01 7.664684e-01 +1
3.633446e+00 2.094054e+00 +1
-7.857044e-01 -2.118609e+00 +1
4.294192e+00 5.127796e+00 +1
1.370932e+00 -1.023249e+00 +1
2.962394e+00 5.508202e-01 +1
-3.635237e+00 -3.855460e+00 +1
1.752942e+00 1.891109e+00 +1
8.964927e-01 7.341588e-01 +1
-1.031715e+00 -3.248766e+00 +1
-6.167056e-01 1.648190e+00 +1
2.791451e+00 -1.228601e-01 +1
-2.802455e+00 -2.668779e+00 +1
8.588024e-02 2.353415e+00 +1
-1.774155e+00 1.538663e+00 +1
4.501001e-02 -8.308567e-01 +1
2.871220e+00 1.309903e+00 +1
-1.152049e+00 -7.745976e-01 +1
1.368595e+00 1.090848e+00 +1
1.528603e+00 2.816190e+00 +1
-1.364453e+00 1.155007e-02 +1
-4.677145e+00 -4.382619e+00 +1
2.248211e+00 -4.708322e-01 +1
-1.535858e+00 -2.111213e+00 +1
2.602969e+00 -2.374845e-01 +1
-5.432882e-02 7.262075e-01 +1
-2.012360e+00 1.304106e+00 +1
1.001913e+00 -7.077788e-01 +1
4.745216e+00 3.003673e+00 +1
2.121433e+00 3.748784e+00 +1
6.822864e-01 -1.167424e-01 +1
1.647625e-01 1.140343e+00 +1
2.006274e+00 -1.218754e+00 +1
4.743458e+00 3.040920e+00 +1
2.545704e+00 1.410018e+00 +1
-3.244951e+00 -1.198159e+00 +1
-6.172313e-01 -7.274400e-01 +1
-8.318281e-02 -8.942067e-01 +1
-2.264032e+00 -6.053178e-02 +1
-1.637195e+00 -1.368041e+00 +1
-2.817902e-01 2.159831e+00 +1
9.160852e-01 1.339577e+00 +1
1.327724e-01 1.219393e-02 +1
5.081376e-01 -2.830832e+00 +1
-2.082107e+00 -1.194080e+00 +1
-1.235004e+00 -4.088323e+00 +1
-6.549707e-01 -8.412825e-01 +1
-1.175609e+00 -9.337463e-01 +1
2.161641e-01 1.288092e+00 +1
-3.087951e-01 -8.491135e-01 +1
7.588484e-01 1.015125e+00 +1
-2.881604e-01 -5.793831e-01 +1
5.741067e+00 4.537830e+00 +1
4.351389e-01 -8.435561e-01 +1
-7.225936e-01 -3.409654e-02 +1
1.432273e+00 -6.709815e-01 +1
-8.264080e-01 6.357476e-01 +1
2.278312e-01 7.424042e-01 +1
-5.378045e-01 6.195363e-01 +1
1.697387e-01 -1.726650e+00 +1
1.193121e+00 3.507711e-01 +1
1.671618e-01 7.597283e-01 +1
7.311029e-01 -3.744226e-02 +1
1.890852e-01 3.268023e+00 +1
1.705011e+00 1.902928e+00 +1
4.187949e+00 4.345954e+00 +1
9.203095e-01 6.462736e-01 +1
7.938985e-03 -7.913769e-01 +1
1.277341e+00 2.141016e+00 +1
3.082587e+00 1.979479e+00 +1
1.550546e-01 -1.117384e+00 +1
-7.698541e-01 -1.452365e+00 +1
-8.069976e-01 -2.325693e+00 +1
1.265243e+00 -8.599019e-01 +1
3.130079e+00 3.832691e-01 +1
2.254162e+00 3.999260e+00 +1
1.229842e+00 1.708186e+00 +1
-1.212362e+00 -5.152164e-01 +1
1.373932e+00 6.981171e-01 +1
1.019321e+00 -4.922708e-01 +1
-2.848412e+00 -2.470896e-01 +1
1.661169e+00 1.451173e-02 +1
-1.616845e+00 -2.727066e+00 +1
1.059291e+00 2.945845e-01 +1
6.677853e-01 7.720416e-01 +1
1.858971e+00 4.485271e-01 +1
1.326362e+00 8.823049e-01 +1
-1.285730e+00 -1.650107e+00 +1
4.778615e+00 4.029661e-01 +1
-2.868434e+00 -1.836369e+00 +1
2.563245e+00 2.628221e+00 +1
-3.471228e+00 -1.282342e+00 +1
-1.409829e+00 -2.667169e+00 +1
8.219199e-01 3.461200e-01 +1
8.620534e-01 5.512821e-01 +1
-4.161728e-01 2.146847e+00 +1
-1.078740e-01 -2.783563e-01 +1
-2.659870e-01 -4.809012e-01 +1
3.123562e-01 -1.497022e+00 +1
-2.263479e+00 -4.264145e+00 +1
-1.632714e+00 -8.756528e-01 +1
-1.508679e+00 -2.900506e+00 +1
-1.826143e-01 1.295858e+00 +1
-4.788349e-01 2.532782e-01 +1
6.951428e-01 1.501466e+00 +1
-1.226655e+00 -2.253912e+00 +1
-1.209949e+00 6.456074e-01 +1
-3.045306e-01 -5.438609e-01 +1
5.539330e+00 5.676829e+00 +1
2.457068e+00 5.513122e-01 +1
-2.912404e+00 -2.677861e-01 +1
2.099650e+00 1.765038e+00 +1
7.141084e-01 1.612181e+00 +1
-2.485546e-01 7.693995e-01 +1
-3.437562e+00 -2.646728e+00 +1
-1.296337e+00 3.217312e-01 +1
-2.102216e+00 -8.655775e-01 +1
-3.298700e+00 -3.665517e+00 +1
-1.184958e+00 1.647399e+00 +1
2.585351e+00 5.686681e-01 +1
1.654872e+00 6.329336e-01 +1
4.012836e-02 2.197076e+00 +1
8.053021e-02 4.230216e-01 +1
4.503302e-02 4.181279e+00 +1
1.532099e+00 5.277550e-01 +1
-6.902312e-01 -4.587064e-01 +1
1.098212e+00 1.004080e+00 +1
-2.193884e+00 -6.045517e-01 +1
-1.826891e+00 -2.850261e+00 +1
-2.174592e+00 -1.161530e+00 +1
-1.503386e+00 -2.646627e+00 +1
-7.793374e-01 -1.831771e+00 +1
-1.040571e-01 1.388289e+00 +1
-4.746588e-01 2.906780e+00 +1
-8.388992e-01 -9.519259e-01 +1
-5.929940e-02 -1.992002e+00 +1
2.598935e-01 9.049572e-01 +1
-1.235735e+00 -5.428231e-01 +1
-5.942280e-01 -2.611536e+00 +1
3.455491e+00 5.271421e+00 +1
1.422009e+00 1.433271e+00 +1
-2.969097e+00 -7.590206e-01 +1
1.047182e+00 5.180306e-01 +1
1.538171e+00 1.036269e+00 +1
-2.480032e+00 1.284809e-01 +1
-2.645669e+00 -3.167239e+00 +1
1.402574e+00 1.243462e+00 +1
6.841173e-01 2.168389e+00 +1
-1.137460e+00 -1.951238e+00 +1
1.789115e+00 2.184048e+00 +1
4.963892e-01 2.365559e+00 +1
1.152762e+00 -6.779446e-01 +1
-2.172157e+00 -2.028338e+00 +1
1.150942e-01 -6.467459e-01 +1
-4.781715e+00 -5.006353e+00 +1
3.493458e+00 8.055385e-01 +1
4.348622e-02 3.106964e-01 +1
2.887169e+00 1.809916e+00 +1
-5.886620e-02 2.863758e+00 +1
-8.823945e-01 -1.252373e-01 +1
-8.818352e-01 -3.817211e+00 +1
3.744139e+00 3.952448e+00 +1
-3.233147e+00 -2.645276e+00 +1
-5.414581e-01 1.870203e+00 +1
1.754919e+00 2.906236e+00 +1
-1.545000e+00 -3.271119e-01 +1
1.358338e+00 1.508801e+00 +1
-2.381955e-01 -2.166782e+00 +1
3.067638e+00 1.120415e+00 +1
-2.731516e+00 -1.913302e+00 +1
-5.967318e-01 -1.309716e-01 +1
-6.078836e-02 -3.474801e-01 +1
-2.440986e+00 -4.675990e-01 +1
-4.029843e+00 -1.174775e+00 +1
-1.139652e-01 4.275161e-01 +1
-2.634276e+00 -3.100337e+00 +1
-3.392616e+00 -3.234760e+00 +1
1.278515e+00 -1.008499e+00 +1
-2.081918e-01 -1.444220e+00 +1
2.596241e+00 2.454853e+00 +1
1.174400e+00 9.166451e-01 +1
2.382800e+00 -5.494358e-01 +1
1.452457e+00 2.065125e+00 +1
-5.137409e-03 9.797847e-01 +1
2.159350e+00 4.599067e+00 +1
2.453537e+00 1.721837e+00 +1
-2.925985e+00 -3.641656e+00 +1
9.504878e-01 1.582373e-02 +1
1.026779e-01 -5.422299e-01 +1
-1.571945e+00 -7.159992e-01 +1
-1.624997e+00 -1.394869e+00 +1
-3.059832e+00 -2.153363e+00 +1
-3.820906e-01 1.140378e+00 +1
6.753038e-01 1.036879e+00 +1
1.019981e+00 1.189258e+00 +1
1.759442e+00 2.745637e+00 +1
-3.542581e+00 -2.880170e+00 +1
-9.931067e-02 -2.006533e-01 +1
1.226720e+00 2.855460e+00 +1
1.275744e-01 4.812484e-01 +1
2.488835e-02 -1.344510e+00 +1
-3.991407e-01 -1.621370e+00 +1
2.498293e+00 1.703524e-01 +1
-9.034793e-01 -1.166857e+00 +1
-3.317467e+00 -2.043271e+00 +1
-4.866992e-02 4.038348e-01 +1
-1.519640e+00 -1.253264e+00 +1
1.992281e+00 1.454653e+00 +1
-5.858576e+00 -4.947288e+00 +1
-2.242227e+00 -2.090777e+00 +1
1.346405e+00 9.297505e-01 +1
3.557024e+00 2.371760e-01 +1
-2.891522e+00 -2.741720e+00 +1
-8.037895e-01 2.659081e-01 +1
-3.216732e+00 -2.057677e+00 +1
2.071988e+00 2.648141e+00 +1
2.480896e+00 -3.704268e-01 +1
-5.919838e-01 1.663566e-01 +1
7.344227e-01 1.405378e-02 +1
1.186764e+00 1.514980e+00 +1
1.407342e+00 -2.563445e-01 +1
3.524298e-01 -8.355711e-01 +1
-8.153999e-01 -1.355444e+00 +1
2.175657e-01 -3.501649e+00 +1
-1.771823e+00 7.454692e-01 +1
1.253245e-01 1.436369e+00 +1
-1.317605e+00 6.010960e-02 +1
4.310070e-01 -1.083420e+00 +1
-6.141203e-01 -1.071716e-01 +1
9.807972e-01 6.070972e-01 +1
1.791783e+00 1.122260e+00 +1
2.404059e+00 1.042518e+00 +1
2.082894e-01 8.217754e-01 +1
-1.324707e+00 3.643876e-01 +1
-6.459953e-01 5.903335e-01 +1
1.672854e+00 -1.388437e+00 +1
1.566245e+00 -7.369472e-01 +1
-7.125059e-01 6.120983e-01 +1
2.631794e+00 -1.793774e-01 +1
-9.511929e-01 -3.936116e-01 +1
3.217777e-01 -1.452620e+00 +1
-1.333685e+00 -1.873858e+00 +1
6.496355e-01 -1.986374e+00 +1
9.075920e-01 1.097932e-01 +1
-7.542330e-01 -1.147093e+00 +1
4.478020e+00 2.510446e+00 +1
-2.265693e+00 -2.625046e+00 +1
2.790429e+00 1.934818e+00 +1
1.291850e+00 4.891571e-01 +1
-1.985721e+00 -1.933749e+00 +1
2.762067e-02 1.684051e+00 +1
4.601427e+00 3.831933e+00 +1
2.570568e-01 -2.678969e+00 +1
1.728834e+00 -1.309319e+00 +1
-1.844357e+00 -9.966679e-02 +1
-2.569392e+00 -2.752262e+00 +1
6.233088e-01 2.665790e-01 +1
-4.883406e-01 -2.133121e-01 +1
1.793106e+00 1.571413e+00 +1
1.103771e+00 5.454296e-01 +1
7.757741e-01 2.684866e-01 +1
-6.193443e-01 -2.202252e+00 +1
-2.082694e+00 3.176720e-01 +1
1.704589e+00 1.615940e+00 +1
2.061513e+00 1.413369e+00 +1
2.622166e+00 1.344463e+00 +1
1.923379e+00 1.561098e-01 +1
3.309781e-01 7.826061e-01 +1
-2.460014e+00 2.304934e-02 +1
3.008530e+00 1.274175e+00 +1
1.271481e+00 3.245018e+00 +1
-4.782182e-01 -1.170127e+00 +1
8.062199e-01 -3.149005e-03 +1
3.517389e+00 3.126202e+00 +1
-4.013344e+00 -4.775922e+00 +1
-1.481536e+00 -2.501942e+00 +1
-7.496282e-03 4.606206e-01 +1
-3.047548e+00 -2.621877e+00 +1
-6.571111e-01 -2.943228e+00 +1
2.144375e+00 -1.002669e+00 +1
-2.912203e+00 -3.563061e+00 +1
7.138670e-02 1.773493e+00 +1
1.496029e+00 1.360810e+00 +1
9.714362e-01 7.365726e-01 +1
-9.972579e-01 -2.917504e+00 +1
2.317077e+00 1.812083e+00 +1
-1.466869e+00 1.156432e+00 +1
-2.307283e+00 -3.214536e+00 +1
-2.431144e+00 1.083176e+00 +1
7.433277e-01 -6.943175e-01 +1
8.903492e-01 2.524975e+00 +1
-1.636255e+00 -1.171187e+00 +1
3.307977e+00 1.217323e+00 +1
2.010703e+00 -1.963136e-01 +1
-1.568110e-01 3.714597e-01 +1
1.105462e+00 1.391534e+00 +1
3.076250e-01 5.607418e-01 +1
4.159152e-01 -1.420454e+00 +1
9.059924e-01 -8.841547e-01 +1
2.697919e+00 4.076204e+00 +1
-1.163450e+00 4.242148e-01 +1
2.672786e+00 7.479959e-01 +1
1.924637e+00 1.674313e+00 +1
1.274550e-01 -1.138583e+00 +1
2.795088e+00 1.470505e+00 +1
3.168112e-01 1.229179e+00 +1
-1.522600e-01 1.900654e+00 +1
1.382557e-01 1.699897e-01 +1
-2.049564e-01 9.228548e-01 +1
-1.337718e+00 -3.762534e-01 +1
-8.744403e-01 3.962471e-01 +1
5.306482e+00 -9.402749e-01 -1
5.949842e+00 -7.601258e-01 -1
7.506739e+00 -8.473312e-02 -1
7.962941e+00 -1.416197e+00 -1
2.473814e-01 -1.117784e+00 -1
4.659650e+00 -8.186037e-01 -1
2.355758e+00 -2.682442e+00 -1
4.001965e+00 -1.302645e+00 -1
7.630171e+00 -3.048835e-01 -1
5.332051e+00 -1.639821e+00 -1
6.081872e+00 -1.460610e+00 -1
6.060791e+00 -4.064848e+00 -1
5.063879e+00 -2.597933e-01 -1
6.098655e+00 -9.494158e-01 -1
7.078087e+00 -2.158618e+00 -1
4.995314e+00 -3.653626e+00 -1
1.692882e+00 -1.686887e+00 -1
5.863230e+00 -3.427983e+00 -1
6.487781e+00 -1.302844e+00 -1
8.536441e+00 -1.404412e+00 -1
7.221858e+00 -2.869351e+00 -1
3.165853e+00 -2.057502e+00 -1
1.861968e+00 -3.099536e+00 -1
4.238628e+00 -1.841135e+00 -1
1.449211e-01 -2.013514e+00 -1
5.504456e+00 -1.770560e+00 -1
2.843719e+00 3.851913e-01 -1
4.697521e+00 -1.285942e+00 -1
6.512081e+00 -2.085334e+00 -1
5.460214e+00 -2.185320e+00 -1
4.893889e+00 -1.363083e+00 -1
5.574481e+00 -2.394341e+00 -1
4.289310e+00 -2.897394e+00 -1
6.367316e+00 -9.417005e-01 -1
3.127094e+00 -8.944159e-01 -1
7.737331e+00 -2.357342e-02 -1
9.534013e-01 1.187531e+00 -1
1.817089e+00 -1.711210e+00 -1
4.781349e+00 -2.017854e+00 -1
4.087273e+00 -1.774119e+00 -1
5.105488e+00 -1.627835e+00 -1
3.487498e+00 -3.736609e+00 -1
4.159790e+00 -1.481561e+00 -1
6.926654e+00 -1.346423e+00 -1
4.404403e+00 -4.994603e-01 -1
3.092314e+00 -1.800253e+00 -1
3.930544e+00 -1.856181e-01 -1
3.451346e+00 -7.551320e-01 -1
6.577407e+00 -2.630723e+00 -1
2.319655e+00 -5.679810e-01 -1
8.310772e+00 -1.752242e+00 -1
3.878664e+00 -2.289411e+00 -1
3.223392e+00 -3.562807e-01 -1
1.076054e-01 -3.198628e+00 -1
3.470754e+00 -1.089128e+00 -1
4.091519e+00 -1.780016e+00 -1
5.253751e+00 -3.183076e+00 -1
5.120614e+00 -1.167782e+00 -1
6.616734e+00 -3.047307e-01 -1
3.597416e+00 -1.776528e+00 -1
4.819372e+00 -1.666838e+00 -1
3.385652e+00 -8.180239e-01 -1
6.570193e+00 -1.898086e+00 -1
4.343391e+00 -1.027034e+00 -1
5.229096e+00 -1.010715e+00 -1
7.177028e+00 1.533868e-01 -1
6.885012e+00 -2.338403e+00 -1
3.821106e+00 1.219894e+00 -1
8.385883e+00 -1.399633e+00 -1
8.410481e+00 -4.858223e-01 -1
5.311442e+00 -3.662378e+00 -1
4.804603e+00 -4.480530e-01 -1
5.229575e+00 -1.029271e+00 -1
8.135384e+00 -2.735668e+00 -1
1.796954e+00 -1.202236e+00 -1
9.121458e+00 -7.296442e-01 -1
4.810954e+00 -3.079409e+00 -1
1.793221e+00 -7.958361e-01 -1
3.149676e-01 -1.567980e+00 -1
6.238663e+00 -1.726854e+00 -1
7.208035e+00 -2.930137e-01 -1
4.466203e+00 -2.056175e+00 -1
5.392794e+00 -7.900200e-01 -1
3.179076e+00 -2.457663e-01 -1
3.054038e+00 -1.890549e+00 -1
4.583477e+00 -4.115329e+00 -1
8.845308e+00 -9.869148e-01 -1
5.813675e+00 -2.552818e+00 -1
9.017007e+00 -8.171436e-01 -1
3.896155e+00 -1.306045e+00 -1
3.098095e-01 -1.704455e+00 -1
7.417869e+00 -1.415091e+00 -1
7.462913e+00 7.369116e-01 -1
2.698578e+00 1.945858e-01 -1
6.129997e+00 -1.336742e+00 -1
3.620321e+00 -1.123249e+00 -1
9.560879e+00 -1.272663e+00 -1
7.407753e+00 7.471562e-01 -1
6.606102e+00 -3.580814e-01 -1
2.105399e+00 -2.782616e+00 -1
5.155859e+00 -1.888173e+00 -1
6.146961e+00 -1.782148e+00 -1
1.883780e+00 -2.171044e+00 -1
4.619359e+00 -2.367537e+00 -1
1.547026e+00 -9.578563e-01 -1
4.401092e+00 -8.488464e-01 -1
5.170524e+00 -1.458152e+00 -1
9.722015e+00 -2.170504e+00 -1
3.744141e+00 -2.445754e+00 -1
9.035204e+00 -3.036712e+00 -1
5.263485e+00 -1.931931e+00 -1
4.657955e+00 -2.108918e+00 -1
3.484065e+00 -1.065759e+00 -1
5.764126e+00 -1.834259e+00 -1
4.637570e+00 -9.878980e-01 -1
5.411851e+00 -1.750438e+00 -1
6.701634e+00 1.467262e+00 -1
6.808348e+00 -1.617900e+00 -1
4.026318e+00 -1.718438e+00 -1
7.974452e+00 -1.280234e+00 -1
2.932200e+00 -1.555039e+00 -1
4.272284e+00 -1.219917e+00 -1
3.363273e+00 -1.476406e+00 -1
7.681898e+00 -1.949442e+00 -1
6.191262e+00 -1.054317e+00 -1
4.161984e+00 -1.232430e+00 -1
6.086887e+00 -1.299757e+00 -1
6.457249e-01 -5.020189e-01 -1
4.720103e+00 -4.584779e-01 -1
4.776547e+00 9.635255e-01 -1
5.387545e+00 -1.047766e+00 -1
6.130403e+00 -1.726159e+00 -1
3.778579e+00 -5.132053e-01 -1
6.560030e+00 -3.870742e-02 -1
6.799499e+00 -1.777800e+00 -1
5.965216e+00 -2.141499e+00 -1
7.147759e+00 -2.404330e+00 -1
8.005409e+00 -1.382988e+00 -1
8.884575e+00 -4.857839e-01 -1
2.532060e+00 3.052074e-01 -1
4.323519e+00 -6.518642e-01 -1
4.014087e+00 -1.998709e+00 -1
5.955747e+00 -9.018509e-01 -1
7.137714e+00 -1.347854e+00 -1
1.321174e+00 -2.393594e+00 -1
7.328724e+00 -1.016273e+00 -1
6.570090e+00 -2.753979e+00 -1
6.081458e+00 -1.109170e+00 -1
4.852559e+00 -1.084358e+00 -1
6.994669e+00 -8.338827e-01 -1
5.627991e+00 -8.624129e-01 -1
5.515307e+00 -2.347503e+00 -1
1.118810e+01 -4.206249e-03 -1
3.540439e+00 -2.858160e+00 -1
4.908110e+00 -1.353020e-03 -1
1.904448e+00 -2.872237e+00 -1
6.778147e+00 -2.676928e+00 -1
5.672883e+00 -1.162816e+00 -1
5.439497e+00 -1.092005e+00 -1
1.375342e+00 -1.000397e+00 -1
5.241098e+00 -1.611495e+00 -1
5.303935e+00 -1.715608e+00 -1
7.558848e+00 -1.841984e+00 -1
7.829370e+00 -3.384363e+00 -1
3.929354e+00 -2.224103e+00 -1
6.968340e+00 -2.772822e+00 -1
2.909125e+00 -1.178634e+00 -1
3.964636e+00 -1.565113e+00 -1
3.859687e+00 -8.658937e-01 -1
6.452761e+00 -2.504753e+00 -1
2.375847e+00 -1.662911e+00 -1
5.338464e+00 -1.744909e+00 -1
4.805548e+00 1.737826e+00 -1
7.695145e+00 -6.315556e-01 -1
1.259945e+00 -2.418042e+00 -1
5.473214e+00 -3.843606e-01 -1
3.729933e+00 -8.284579e-01 -1
3.560395e+00 -1.349645e+00 -1
3.881591e+00 -3.256383e+00 -1
2.711707e+00 -1.781344e+00 -1
3.251130e+00 -2.356728e+00 -1
5.518758e+00 -3.510396e+00 -1
9.944414e-01 -1.366505e+00 -1
7.852021e+00 -5.895130e-01 -1
6.445238e+00 -8.395676e-01 -1
1.949615e+00 -8.541747e-01 -1
4.515644e+00 -1.354637e+00 -1
-8.495358e-01 -2.799687e-01 -1
6.420357e+00 -9.053714e-01 -1
4.672574e+00 -1.831670e+00 -1
5.133123e+00 -8.931206e-01 -1
2.752345e+00 -2.307839e+00 -1
6.447265e+00 -2.850178e+00 -1
3.567314e+00 -2.463055e+00 -1
6.616786e+00 -2.698005e+00 -1
6.488365e+00 -2.253762e+00 -1
2.889504e+00 -1.129274e+00 -1
2.179233e-01 -7.979071e-01 -1
5.159844e+00 -2.016967e+00 -1
7.733255e+00 -2.092160e+00 -1
4.087742e+00 -1.163737e+00 -1
4.020075e+00 -2.013425e+00 -1
7.852904e+00 -2.425424e+00 -1
2.431888e+00 1.019243e+00 -1
4.984072e+00 -6.757517e-01 -1
1.874480e+00 -2.576215e+00 -1
5.748334e+00 -1.048162e+00 -1
5.709795e+00 -7.568231e-01 -1
1.311006e+00 -2.178834e+00 -1
5.737611e+00 -3.178042e+00 -1
5.225018e+00 -7.361550e-01 -1
2.900923e+00 -6.765524e-01 -1
6.150856e+00 -2.391630e+00 -1
4.441480e+00 -3.530469e-01 -1
2.356594e+00 -6.738267e-01 -1
7.589011e+00 -1.362932e+00 -1
4.796610e+00 -2.712578e+00 -1
6.077405e+00 -1.653475e+00 -1
5.317687e+00 -4.325572e+00 -1
8.801292e+00 -2.589867e-01 -1
4.622108e+00 -1.397756e+00 -1
6.523466e+00 -1.440683e-01 -1
8.667859e-01 -6.902976e-01 -1
3.929218e+00 -1.790878e+00 -1
9.151248e+00 -2.856498e+00 -1
4.705406e+00 7.218135e-01 -1
4.168625e+00 -3.196955e+00 -1
1.589397e+00 -1.116424e+00 -1
3.371793e+00 -1.544404e-01 -1
3.277646e+00 -2.040432e+00 -1
4.787213e+00 -6.723282e-01 -1
7.727434e+00 -2.194257e+00 -1
7.753789e+00 -2.910133e-01 -1
3.842871e+00 -2.840843e+00 -1
4.341316e+00 -1.710070e+00 -1
5.405443e+00 -1.617857e+00 -1
2.209209e+00 -2.339636e+00 -1
9.623240e-01 -3.002444e+00 -1
4.234230e+00 -1.409486e+00 -1
5.659109e+00 -3.155440e+00 -1
4.776758e+00 -3.413159e+00 -1
8.234327e+00 -1.422053e+00 -1
6.748008e+00 -1.977010e+00 -1
5.199953e+00 -4.187487e-02 -1
5.364521e+00 -8.963672e-01 -1
9.146808e+00 -9.707533e-01 -1
4.133557e+00 -4.845616e-01 -1
3.607110e+00 -1.218644e+00 -1
1.549718e+00 4.509869e-01 -1
6.034780e+00 -2.946734e-01 -1
6.012112e+00 -3.395915e+00 -1
6.321815e+00 -1.221050e+00 -1
5.912037e+00 -1.626888e+00 -1
3.789511e+00 -2.160473e+00 -1
4.674550e+00 -2.371760e+00 -1
3.718059e+00 -3.004920e+00 -1
2.846904e+00 -1.281101e+00 -1
4.488655e+00 -1.005735e+00 -1
4.760606e+00 -8.622475e-01 -1
3.605309e+00 -1.994959e-01 -1
4.063209e+00 -3.354089e+00 -1
5.143320e+00 -1.586592e+00 -1
2.696614e+00 -3.215761e-01 -1
4.499829e+00 -1.324248e+00 -1
6.936623e+00 -1.880942e+00 -1
6.728493e+00 -2.083271e+00 -1
8.292205e+00 -7.296285e-01 -1
5.372472e+00 -2.097655e+00 -1
3.198015e+00 -3.047512e+00 -1
4.360062e+00 -1.397473e+00 -1
4.623288e+00 -2.300468e+00 -1
5.760321e+00 -5.049558e-01 -1
3.711243e+00 -4.619384e+00 -1
4.785817e+00 -2.750831e+00 -1
5.589239e+00 -8.429304e-01 -1
9.694975e+00 -4.047087e-01 -1
4.788148e+00 -3.126177e+00 -1
3.487219e+00 -1.655273e+00 -1
3.360849e+00 -3.022591e+00 -1
4.185196e+00 -1.374160e-01 -1
9.032380e+00 -8.907599e-01 -1
3.927545e+00 -1.622868e+00 -1
6.018756e+00 -1.283933e+00 -1
4.535832e+00 -7.200737e-01 -1
7.352808e+00 -1.167736e+00 -1
6.680087e+00 -1.639471e+00 -1
5.763738e+00 -2.126669e+00 -1
1.025976e+01 -2.448033e+00 -1
1.440011e+00 -1.796283e+00 -1
3.145903e+00 -1.049178e+00 -1
3.051618e+00 -1.863007e+00 -1
7.141723e+00 -1.688335e+00 -1
4.283066e+00 -1.708219e+00 -1
5.528492e+00 -1.041614e+00 -1
5.946849e+00 -6.587881e-01 -1
6.925510e+00 -5.050588e-01 -1
4.132400e+00 -1.202646e+00 -1
2.611259e+00 -1.777220e+00 -1
3.251567e+00 -1.516068e+00 -1
9.329320e+00 -1.417896e+00 -1
8.257206e+00 -1.260602e+00 -1
3.126727e+00 -1.528985e+00 -1
8.975596e+00 -7.920483e-01 -1
4.211461e+00 -1.888212e+00 -1
7.509378e+00 -1.826446e+00 -1
5.763920e+00 -2.425938e+00 -1
8.727880e+00 -1.885883e+00 -1
6.128258e+00 -1.206306e+00 -1
5.555589e+00 -2.048866e+00 -1
7.782570e+00 5.173963e-01 -1
5.508203e+00 -2.911835e+00 -1
6.210016e+00 -1.359387e-01 -1
6.135180e+00 -9.858674e-01 -1
4.926500e+00 -2.631453e+00 -1
2.657454e+00 -1.005883e+00 -1
6.088228e+00 9.345012e-01 -1
9.152168e+00 -2.199146e+00 -1
9.296597e+00 -1.378897e+00 -1
2.532635e+00 -2.061191e+00 -1
5.258617e+00 -3.036229e+00 -1
5.504492e+00 -1.243111e+00 -1
4.611051e+00 -1.702550e+00 -1
5.313522e+00 -5.287469e-01 -1
5.789614e+00 -1.023917e+00 -1
5.717413e+00 -1.198548e+00 -1
7.238570e+00 -2.314525e+00 -1
1.605370e+00 -2.009518e+00 -1
5.125368e+00 -5.414459e-01 -1
5.916614e+00 -4.968879e-01 -1
6.806945e+00 -3.549327e-01 -1
7.499296e+00 -8.997034e-01 -1
4.361302e+00 -1.178536e+00 -1
1.488418e+00 -2.203491e+00 -1
7.452749e+00 -2.636894e-01 -1
2.208998e+00 -1.961991e-01 -1
5.978507e+00 -1.975836e+00 -1
6.144621e+00 -1.268173e+00 -1
5.553223e+00 4.178393e-01 -1
6.078448e+00 -4.037243e+00 -1
6.443072e+00 -2.649931e+00 -1
4.337983e+00 -1.369194e+00 -1
4.398010e+00 -3.136622e+00 -1
8.233057e+00 -2.539328e+00 -1
9.450593e+00 -1.170418e+00 -1
5.920452e+00 -3.369248e+00 -1
2.592858e+00 -9.674290e-01 -1
5.191229e+00 -6.753015e-01 -1
5.332147e+00 -1.006940e+00 -1
7.715639e+00 -2.630094e+00 -1
5.714169e+00 -3.080143e-01 -1
1.290092e+00 -1.589616e+00 -1
6.283050e+00 -3.094012e+00 -1
3.000011e-02 -1.889125e+00 -1
7.033137e+00 -1.485852e+00 -1
2.688290e+00 -5.140808e-01 -1
4.342294e+00 -2.310439e+00 -1
7.956631e+00 -1.936582e-01 -1
8.121193e+00 -9.762309e-01 -1
4.252912e+00 -1.438036e+00 -1
4.595433e+00 -7.791796e-01 -1
4.642039e+00 -1.249324e+00 -1
7.597018e+00 -1.789985e+00 -1
7.531650e+00 -1.493696e+00 -1
3.050810e+00 4.555207e-01 -1
2.754703e+00 -1.713399e+00 -1
7.722064e+00 -5.125053e-01 -1
5.354011e+00 -4.610726e-01 -1
6.790448e+00 -1.791887e+00 -1
6.873243e+00 -2.686294e-01 -1
3.709716e+00 -1.053711e+00 -1
2.096741e+00 -9.952822e-01 -1
4.955121e+00 -1.411017e+00 -1
3.405034e+00 -1.292761e+00 -1
3.640283e+00 -1.994781e+00 -1
3.202977e+00 -1.638043e+00 -1
