   1.0778299e+00   8.6111463e-01
   1.6173196e+00   9.4567981e-01
   3.3375803e+00   1.5650480e+00
   1.1927083e+00  -9.0240770e-01
  -1.0182874e+00   2.3423215e+00
   1.0598809e+00   1.3005449e+00
  -2.9829299e+00  -1.1131687e+00
  -1.1030116e-02   6.9468694e-01
   2.9999083e+00   1.1400967e+00
  -1.2478005e-01  -3.5957547e-01
   4.5072519e-01  -3.1427354e-01
  -4.0674005e+00  -4.8174930e+00
   2.1706857e+00   2.1255165e+00
   1.3420730e+00   5.6520661e-01
  -4.0604432e-01  -1.8754735e+00
  -3.7318464e+00  -3.7285328e+00
  -1.4929403e+00   8.4554517e-01
  -3.0341668e+00  -3.6445625e+00
   8.6749413e-01  -1.8452614e-01
   1.4158835e+00  -1.0847581e+00
  -1.5862398e+00  -3.1573304e+00
  -1.6140910e+00  -3.1715313e-01
  -3.8799403e+00  -1.6610164e+00
  -8.6004847e-01  -3.2167718e-01
  -2.6059613e+00   8.2709793e-01
  -2.9027191e-01  -6.4697635e-01
   2.5028868e+00   4.0276074e+00
   2.6381722e-01   4.7770188e-01
  -4.7922624e-01  -1.5484293e+00
  -1.0242989e+00  -1.3497196e+00
   1.9963091e-01   2.7466296e-01
  -1.3459347e+00  -1.7521541e+00
  -2.6716236e+00  -2.1690896e+00
   1.4504223e+00   4.8358382e-01
   3.8673039e-01   1.7110746e+00
   3.5250385e+00   1.5894532e+00
   3.2242512e+00   6.0856286e+00
  -1.4911548e+00   7.5950320e-01
  -9.7425460e-01  -8.1964500e-01
  -7.9748557e-01  -1.5209041e-01
  -1.8412067e-01  -2.5871216e-01
  -4.4086708e+00  -3.3391702e+00
  -2.6512161e-01   3.2899645e-01
   9.4717768e-01  -4.1517252e-01
   1.5224103e+00   1.9435609e+00
  -1.1945230e+00   1.5441498e-01
   1.8984666e+00   2.6546859e+00
   7.4261737e-01   1.8376812e+00
  -1.4007724e+00  -2.5161678e+00
   6.6665920e-01   2.5619492e+00
   7.3363862e-01  -1.6074306e+00
  -1.7637524e+00  -9.7084826e-01
   1.3528543e+00   2.6091056e+00
  -4.6718334e+00  -1.2123880e+00
   1.7098195e-01   1.2523223e+00
  -8.0619893e-01  -1.6380604e-01
  -2.8254593e+00  -3.0048884e+00
   6.1806229e-01   5.3277510e-01
   2.6418689e+00   1.4986655e+00
  -9.7484805e-01   1.6928489e-02
  -3.5283304e-01  -2.2510977e-01
   6.1045917e-01   1.7519754e+00
  -1.3435785e-01  -1.2446517e+00
   5.8705421e-01   1.0513466e+00
   9.2846377e-01   7.6646842e-01
   3.6334457e+00   2.0940541e+00
  -7.8570439e-01  -2.1186094e+00
   4.2941923e+00   5.1277961e+00
   1.3709321e+00  -1.0232489e+00
   2.9623945e+00   5.5082020e-01
  -3.6352369e+00  -3.8554599e+00
   1.7529423e+00   1.8911090e+00
   8.9649275e-01   7.3415877e-01
  -1.0317147e+00  -3.2487658e+00
  -6.1670563e-01   1.6481903e+00
   2.7914510e+00  -1.2286013e-01
  -2.8024546e+00  -2.6687790e+00
   8.5880236e-02   2.3534152e+00
  -1.7741548e+00   1.5386634e+00
   4.5010012e-02  -8.3085667e-01
   2.8712199e+00   1.3099034e+00
  -1.1520493e+00  -7.7459764e-01
   1.3685949e+00   1.0908478e+00
   1.5286025e+00   2.8161905e+00
  -1.3644529e+00   1.1550068e-02
  -4.6771452e+00  -4.3826190e+00
   2.2482114e+00  -4.7083223e-01
  -1.5358576e+00  -2.1112126e+00
   2.6029686e+00  -2.3748448e-01
  -5.4328821e-02   7.2620753e-01
  -2.0123595e+00   1.3041060e+00
   1.0019126e+00  -7.0777885e-01
   4.7452158e+00   3.0036734e+00
   2.1214332e+00   3.7487842e+00
   6.8228640e-01  -1.1674238e-01
   1.6476247e-01   1.1403428e+00
   2.0062741e+00  -1.2187543e+00
   4.7434581e+00   3.0409195e+00
   2.5457038e+00   1.4100182e+00
  -3.2449513e+00  -1.1981594e+00
  -6.1723133e-01  -7.2743999e-01
  -8.3182811e-02  -8.9420674e-01
  -2.2640319e+00  -6.0531780e-02
  -1.6371949e+00  -1.3680412e+00
  -2.8179022e-01   2.1598311e+00
   9.1608521e-01   1.3395770e+00
   1.3277240e-01   1.2193933e-02
   5.0813758e-01  -2.8308316e+00
  -2.0821066e+00  -1.1940803e+00
  -1.2350036e+00  -4.0883234e+00
  -6.5497066e-01  -8.4128247e-01
  -1.1756085e+00  -9.3374634e-01
   2.1616412e-01   1.2880923e+00
  -3.0879507e-01  -8.4911345e-01
   7.5884838e-01   1.0151249e+00
  -2.8816039e-01  -5.7938309e-01
   5.7410666e+00   4.5378297e+00
   4.3513889e-01  -8.4355608e-01
  -7.2259355e-01  -3.4096536e-02
   1.4322734e+00  -6.7098151e-01
  -8.2640805e-01   6.3574755e-01
   2.2783119e-01   7.4240421e-01
  -5.3780454e-01   6.1953633e-01
   1.6973871e-01  -1.7266498e+00
   1.1931208e+00   3.5077112e-01
   1.6716177e-01   7.5972831e-01
   7.3110292e-01  -3.7442256e-02
   1.8908518e-01   3.2680226e+00
   1.7050106e+00   1.9029279e+00
   4.1879486e+00   4.3459540e+00
   9.2030954e-01   6.4627361e-01
   7.9389847e-03  -7.9137686e-01
   1.2773410e+00   2.1410161e+00
   3.0825871e+00   1.9794789e+00
   1.5505455e-01  -1.1173838e+00
  -7.6985409e-01  -1.4523652e+00
  -8.0699757e-01  -2.3256925e+00
   1.2652434e+00  -8.5990187e-01
   3.1300785e+00   3.8326908e-01
   2.2541623e+00   3.9992596e+00
   1.2298423e+00   1.7081863e+00
  -1.2123622e+00  -5.1521640e-01
   1.3739322e+00   6.9811710e-01
   1.0193212e+00  -4.9227085e-01
  -2.8484121e+00  -2.4708958e-01
   1.6611686e+00   1.4511732e-02
  -1.6168451e+00  -2.7270661e+00
   1.0592909e+00   2.9458448e-01
   6.6778528e-01   7.7204160e-01
   1.8589708e+00   4.4852707e-01
   1.3263616e+00   8.8230495e-01
  -1.2857299e+00  -1.6501070e+00
   4.7786154e+00   4.0296613e-01
  -2.8684341e+00  -1.8363687e+00
   2.5632445e+00   2.6282209e+00
  -3.4712277e+00  -1.2823419e+00
  -1.4098294e+00  -2.6671690e+00
   8.2191995e-01   3.4612001e-01
   8.6205342e-01   5.5128207e-01
  -4.1617278e-01   2.1468473e+00
  -1.0787402e-01  -2.7835630e-01
  -2.6598700e-01  -4.8090117e-01
   3.1235620e-01  -1.4970223e+00
  -2.2634787e+00  -4.2641454e+00
  -1.6327137e+00  -8.7565281e-01
  -1.5086788e+00  -2.9005056e+00
  -1.8261430e-01   1.2958579e+00
  -4.7883495e-01   2.5327820e-01
   6.9514277e-01   1.5014660e+00
  -1.2266547e+00  -2.2539122e+00
  -1.2099486e+00   6.4560744e-01
  -3.0453060e-01  -5.4386086e-01
   5.5393304e+00   5.6768290e+00
   2.4570676e+00   5.5131220e-01
  -2.9124044e+00  -2.6778612e-01
   2.0996504e+00   1.7650378e+00
   7.1410843e-01   1.6121815e+00
  -2.4855455e-01   7.6939954e-01
  -3.4375623e+00  -2.6467276e+00
  -1.2963365e+00   3.2173119e-01
  -2.1022156e+00  -8.6557748e-01
  -3.2986997e+00  -3.6655171e+00
  -1.1849584e+00   1.6473992e+00
   2.5853515e+00   5.6866813e-01
   1.6548715e+00   6.3293357e-01
   4.0128358e-02   2.1970763e+00
   8.0530209e-02   4.2302156e-01
   4.5033016e-02   4.1812795e+00
   1.5320991e+00   5.2775496e-01
  -6.9023123e-01  -4.5870645e-01
   1.0982121e+00   1.0040796e+00
  -2.1938836e+00  -6.0455172e-01
  -1.8268907e+00  -2.8502615e+00
  -2.1745916e+00  -1.1615297e+00
  -1.5033860e+00  -2.6466266e+00
  -7.7933738e-01  -1.8317707e+00
  -1.0405706e-01   1.3882891e+00
  -4.7465880e-01   2.9067800e+00
  -8.3889919e-01  -9.5192587e-01
  -5.9299396e-02  -1.9920025e+00
   2.5989347e-01   9.0495718e-01
  -1.2357350e+00  -5.4282311e-01
  -5.9422803e-01  -2.6115356e+00
   3.4554912e+00   5.2714209e+00
   1.4220086e+00   1.4332713e+00
  -2.9690968e+00  -7.5902061e-01
   1.0471825e+00   5.1803064e-01
   1.5381706e+00   1.0362695e+00
  -2.4800316e+00   1.2848094e-01
  -2.6456693e+00  -3.1672391e+00
   1.4025744e+00   1.2434624e+00
   6.8411735e-01   2.1683890e+00
  -1.1374601e+00  -1.9512379e+00
   1.7891146e+00   2.1840476e+00
   4.9638918e-01   2.3655591e+00
   1.1527625e+00  -6.7794463e-01
  -2.1721566e+00  -2.0283383e+00
   1.1509422e-01  -6.4674594e-01
  -4.7817146e+00  -5.0063534e+00
   3.4934577e+00   8.0553846e-01
   4.3486223e-02   3.1069635e-01
   2.8871691e+00   1.8099160e+00
  -5.8866203e-02   2.8637575e+00
  -8.8239453e-01  -1.2523729e-01
  -8.8183517e-01  -3.8172106e+00
   3.7441392e+00   3.9524484e+00
  -3.2331470e+00  -2.6452761e+00
  -5.4145809e-01   1.8702028e+00
   1.7549195e+00   2.9062358e+00
  -1.5449998e+00  -3.2711195e-01
   1.3583382e+00   1.5088012e+00
  -2.3819551e-01  -2.1667824e+00
   3.0676378e+00   1.1204150e+00
  -2.7315158e+00  -1.9133022e+00
  -5.9673180e-01  -1.3097164e-01
  -6.0788359e-02  -3.4748010e-01
  -2.4409860e+00  -4.6759898e-01
  -4.0298426e+00  -1.1747745e+00
  -1.1396519e-01   4.2751609e-01
  -2.6342762e+00  -3.1003370e+00
  -3.3926162e+00  -3.2347601e+00
   1.2785154e+00  -1.0084988e+00
  -2.0819182e-01  -1.4442199e+00
   2.5962410e+00   2.4548526e+00
   1.1744001e+00   9.1664511e-01
   2.3828000e+00  -5.4943580e-01
   1.4524571e+00   2.0651246e+00
  -5.1374091e-03   9.7978471e-01
   2.1593496e+00   4.5990672e+00
   2.4535368e+00   1.7218370e+00
  -2.9259846e+00  -3.6416562e+00
   9.5048780e-01   1.5823730e-02
   1.0267792e-01  -5.4222992e-01
  -1.5719445e+00  -7.1599921e-01
  -1.6249973e+00  -1.3948693e+00
  -3.0598320e+00  -2.1533626e+00
  -3.8209063e-01   1.1403780e+00
   6.7530381e-01   1.0368795e+00
   1.0199814e+00   1.1892582e+00
   1.7594415e+00   2.7456370e+00
  -3.5425812e+00  -2.8801702e+00
  -9.9310668e-02  -2.0065334e-01
   1.2267199e+00   2.8554601e+00
   1.2757439e-01   4.8124840e-01
   2.4888354e-02  -1.3445105e+00
  -3.9914073e-01  -1.6213699e+00
   2.4982928e+00   1.7035236e-01
  -9.0347934e-01  -1.1668568e+00
  -3.3174670e+00  -2.0432712e+00
  -4.8669916e-02   4.0383483e-01
  -1.5196395e+00  -1.2532639e+00
   1.9922813e+00   1.4546530e+00
  -5.8585765e+00  -4.9472879e+00
  -2.2422274e+00  -2.0907772e+00
   1.3464052e+00   9.2975052e-01
   3.5570243e+00   2.3717597e-01
  -2.8915222e+00  -2.7417199e+00
  -8.0378951e-01   2.6590810e-01
  -3.2167321e+00  -2.0576774e+00
   2.0719881e+00   2.6481413e+00
   2.4808964e+00  -3.7042685e-01
  -5.9198376e-01   1.6635663e-01
   7.3442272e-01   1.4053782e-02
   1.1867639e+00   1.5149801e+00
   1.4073421e+00  -2.5634445e-01
   3.5242977e-01  -8.3557114e-01
  -8.1539988e-01  -1.3554442e+00
   2.1756572e-01  -3.5016487e+00
  -1.7718231e+00   7.4546917e-01
   1.2532451e-01   1.4363690e+00
  -1.3176045e+00   6.0109602e-02
   4.3100703e-01  -1.0834196e+00
  -6.1412025e-01  -1.0717158e-01
   9.8079719e-01   6.0709722e-01
   1.7917835e+00   1.1222600e+00
   2.4040593e+00   1.0425182e+00
   2.0828945e-01   8.2177545e-01
  -1.3247072e+00   3.6438764e-01
  -6.4599525e-01   5.9033347e-01
   1.6728538e+00  -1.3884374e+00
   1.5662452e+00  -7.3694724e-01
  -7.1250594e-01   6.1209827e-01
   2.6317939e+00  -1.7937736e-01
  -9.5119293e-01  -3.9361160e-01
   3.2177766e-01  -1.4526204e+00
  -1.3336849e+00  -1.8738577e+00
   6.4963549e-01  -1.9863736e+00
   9.0759205e-01   1.0979321e-01
  -7.5423295e-01  -1.1470934e+00
   4.4780199e+00   2.5104458e+00
  -2.2656926e+00  -2.6250465e+00
   2.7904288e+00   1.9348181e+00
   1.2918503e+00   4.8915710e-01
  -1.9857206e+00  -1.9337485e+00
   2.7620666e-02   1.6840510e+00
   4.6014266e+00   3.8319329e+00
   2.5705681e-01  -2.6789693e+00
   1.7288336e+00  -1.3093193e+00
  -1.8443571e+00  -9.9666788e-02
  -2.5693920e+00  -2.7522622e+00
   6.2330882e-01   2.6657905e-01
  -4.8834061e-01  -2.1331214e-01
   1.7931065e+00   1.5714130e+00
   1.1037714e+00   5.4542962e-01
   7.7577411e-01   2.6848657e-01
  -6.1934427e-01  -2.2022524e+00
  -2.0826940e+00   3.1767197e-01
   1.7045886e+00   1.6159403e+00
   2.0615131e+00   1.4133693e+00
   2.6221664e+00   1.3444632e+00
   1.9233787e+00   1.5610978e-01
   3.3097809e-01   7.8260606e-01
  -2.4600141e+00   2.3049343e-02
   3.0085304e+00   1.2741750e+00
   1.2714811e+00   3.2450176e+00
  -4.7821816e-01  -1.1701269e+00
   8.0621993e-01  -3.1490053e-03
   3.5173889e+00   3.1262015e+00
  -4.0133442e+00  -4.7759221e+00
  -1.4815356e+00  -2.5019418e+00
  -7.4962815e-03   4.6062056e-01
  -3.0475479e+00  -2.6218769e+00
  -6.5711113e-01  -2.9432277e+00
   2.1443751e+00  -1.0026692e+00
  -2.9122030e+00  -3.5630610e+00
   7.1386697e-02   1.7734933e+00
   1.4960293e+00   1.3608101e+00
   9.7143617e-01   7.3657264e-01
  -9.9725788e-01  -2.9175044e+00
   2.3170765e+00   1.8120831e+00
  -1.4668694e+00   1.1564320e+00
  -2.3072826e+00  -3.2145363e+00
  -2.4311442e+00   1.0831764e+00
   7.4332766e-01  -6.9431747e-01
   8.9034921e-01   2.5249752e+00
  -1.6362550e+00  -1.1711866e+00
   3.3079774e+00   1.2173232e+00
   2.0107029e+00  -1.9631364e-01
  -1.5681101e-01   3.7145968e-01
   1.1054615e+00   1.3915337e+00
   3.0762495e-01   5.6074176e-01
   4.1591524e-01  -1.4204538e+00
   9.0599245e-01  -8.8415466e-01
   2.6979185e+00   4.0762039e+00
  -1.1634498e+00   4.2421479e-01
   2.6727860e+00   7.4799588e-01
   1.9246370e+00   1.6743131e+00
   1.2745505e-01  -1.1385827e+00
   2.7950878e+00   1.4705050e+00
   3.1681118e-01   1.2291794e+00
  -1.5226001e-01   1.9006539e+00
   1.3825571e-01   1.6998973e-01
  -2.0495643e-01   9.2285483e-01
  -1.3377181e+00  -3.7625337e-01
  -8.7444030e-01   3.9624710e-01
   9.7014680e-01   1.3496478e+00
   5.6101625e+00   2.5046377e+00
  -6.4839897e-02   1.1500777e+00
  -1.1548934e+00  -1.4802362e+00
  -2.3105990e+00  -8.4218791e-01
   1.7942580e+00   1.0067548e+00
   4.3504198e-01  -1.6275080e+00
   1.2501858e+00   6.2217321e-01
  -6.8026079e-01   8.5994059e-01
   1.3662328e+00   1.0090834e+00
   1.4831087e+00   1.3380030e+00
   8.0997129e-01   1.7246804e+00
   2.0133071e+00  -7.9160658e-02
  -1.3915757e+00  -1.6826168e+00
  -1.9562108e+00  -6.9586492e-01
   1.8220999e-01  -8.1277342e-01
  -3.5828209e+00  -3.4490394e+00
  -1.7375040e+00  -9.0108886e-01
  -8.4860543e-01  -2.4022751e+00
  -3.7180357e+00  -3.3699262e+00
   1.2007611e+00   1.0781276e+00
   1.1562279e+00   2.0227364e+00
  -2.9210009e-01   2.0920270e-01
   1.6264545e+00   1.2588130e+00
   3.2953576e+00   6.5072174e-01
   2.5719246e+00   3.2637487e+00
   7.9756268e-01   8.4229891e-01
  -6.5983166e-01  -9.9549804e-01
  -2.2945347e-01  -5.7847776e-01
   4.4818308e+00   4.3767584e+00
  -2.6331139e+00  -1.1877514e+00
  -1.5845375e+00  -7.8900318e-01
  -1.7524164e+00  -6.6266888e-01
  -5.9197494e+00  -3.7681746e+00
   2.5206222e+00   1.4597563e+00
  -7.2897145e-01  -2.8278056e+00
   2.8125542e-01  -7.9303981e-01
   6.1278709e-01  -3.7516574e-03
  -1.8903503e+00  -3.3030912e-01
   3.0548319e+00   2.7815016e-02
  -1.0741201e+00  -5.9521798e-01
   6.6532365e-01   1.4466921e+00
  -2.1707148e-01   4.0887881e-01
   1.1379722e+00   1.2490312e+00
  -2.6210084e+00  -2.9067130e+00
   1.5858918e+00   1.1953530e+00
   6.1983082e-01   2.2551077e+00
   1.6823585e+00   3.5076098e+00
   1.1261515e+00   3.0612062e+00
   4.4436055e-01  -2.9643114e+00
  -1.9574033e+00   2.3550598e+00
   2.8993535e+00   1.3694796e+00
  -4.3750935e-02   1.3230925e+00
  -4.4420969e-01   1.4142256e-01
  -6.1126959e-01  -2.0526153e+00
   7.1234775e-01   2.3566465e+00
   9.1041970e-02  -7.0163030e-01
  -9.7211075e-01  -7.0027136e-01
  -1.1897528e+00   2.6705775e-01
   2.8423079e+00   2.5082451e+00
  -6.4903155e-01  -1.6735948e+00
  -1.4367450e+00  -7.2289560e-01
   2.3486525e+00   2.3484661e+00
   5.4364843e-01   1.4350299e+00
  -1.8778966e+00  -2.3445632e+00
  -1.0170435e+00   7.2134336e-01
   1.2494924e+00  -1.0265612e+00
  -3.4222623e+00  -5.2809474e+00
   5.9007797e-01   1.1335819e+00
  -7.8428000e-01   2.0843683e+00
  -1.6936376e+00  -1.1099881e-01
   5.5278015e-01   1.1898778e+00
  -1.1055297e+00  -3.1088319e-01
   8.4605267e-01   5.3518575e-02
  -1.1459891e+00  -7.8893121e-01
   2.6514034e-01  -1.5165497e+00
  -2.1629907e+00  -1.0892082e+00
  -2.2740767e+00  -1.5072737e+00
  -1.3029070e+00  -1.9988221e+00
   3.3282757e+00   1.1612710e+00
  -5.9799928e+00  -4.1492434e+00
  -5.4873118e-01   1.4457777e-01
  -4.4508698e-01  -9.9195029e-01
   5.6020682e-01   1.3524241e-01
   1.0460978e+00   2.5950814e+00
   2.4546245e+00   3.9042528e+00
   1.2906444e+00   9.0354733e-03
   9.2190314e-01  -5.8378981e-01
  -3.5516304e-01  -1.5479763e+00
  -2.5701824e+00  -1.7019622e+00
   2.0555459e+00  -5.2959259e-01
  -1.5719814e+00  -7.7855734e-01
   1.3226581e+00  -6.7617382e-01
   1.1832356e+00  -1.0591894e-01
   1.5144962e+00   1.3052125e+00
  -2.4044416e+00  -1.4834163e+00
  -1.8388082e+00  -1.7177031e+00
  -3.1004599e+00  -3.0424099e+00
  -3.9559343e-01   2.5551140e+00
  -2.5440894e-01  -2.3101099e+00
   9.3344828e-01  -5.7696117e-02
   1.3077292e+00  -2.9508624e+00
  -3.2088551e-01  -1.1890829e+00
   5.2870621e+00   5.5473316e+00
  -1.8102930e+00  -2.3710042e+00
  -9.2571989e-01   9.2056288e-02
   9.3162738e-01   1.5447887e+00
   7.8096368e-01  -5.0542290e-01
  -6.6238011e-01  -8.0056886e-01
   2.9562361e+00   1.4778273e+00
   3.8415264e-01   1.7287968e+00
  -1.0599974e+00  -2.4580710e+00
  -9.3255204e-01  -3.0589223e-01
  -5.9075254e-01  -1.8724009e-03
   2.3370109e+00   3.7264998e+00
  -1.6900790e+00  -8.0726711e-01
  -2.2516625e+00  -2.0947600e+00
  -1.4012245e+00  -1.1850380e+00
   1.4481298e+00   2.3762264e+00
  -6.6089315e-01  -1.0224764e+00
  -9.8536319e-01   1.0909520e-01
  -2.8713367e-02  -2.5448259e+00
  -1.7367343e+00   2.1516208e+00
   1.7273630e+00   2.0423018e+00
   2.5895669e+00   7.2828849e-01
   4.1612063e+00   3.6303645e+00
   4.8457575e+00   3.2005826e+00
   6.6716446e+00   2.3298450e+00
   6.1252399e+00   9.9327482e-01
  -3.4562113e-01   7.8861558e+00
   3.6870680e+00   4.2765719e+00
   3.7390701e-01   4.9538677e+00
   2.7752275e+00   4.5038742e+00
   6.6228696e+00   2.0672803e+00
   3.6886958e+00   3.1135669e+00
   4.4647813e+00   2.5909248e+00
   2.6050506e+00   7.6770684e-01
   4.4322794e+00   4.3216378e+00
   4.8407850e+00   2.9378587e+00
   4.8339629e+00   1.2346113e+00
   1.9730982e+00   1.9812148e+00
   5.0380300e-01   6.2318991e+00
   2.8842892e+00   1.3891310e+00
   4.9278667e+00   2.3509538e+00
   6.6302387e+00   5.0494276e-01
   4.4559080e+00   6.0753759e-01
   1.5173684e+00   4.6942045e+00
  -3.4865870e-01   5.0865726e+00
   2.5994138e+00   3.9181487e+00
  -1.0677306e+00   7.3415127e+00
   3.7455569e+00   2.8718131e+00
   2.9656378e+00   6.7004253e+00
   3.3894078e+00   3.9133161e+00
   4.3956075e+00   1.7766056e+00
   3.4139628e+00   2.6168482e+00
   3.5049197e+00   3.6887100e+00
   3.3651204e+00   2.3700902e+00
   1.8964177e+00   3.1273695e+00
   5.0789078e+00   2.7106469e+00
   2.3062288e+00   5.5501965e+00
   6.9145894e+00   2.1733931e+00
   1.8959140e+00   8.9048286e+00
   5.9417035e-01   6.1071341e+00
   2.9444645e+00   3.3231791e+00
   2.5157242e+00   4.0966130e+00
   3.5009627e+00   3.3182516e+00
   6.0861318e-01   3.2283440e+00
   2.7853953e+00   4.2406814e+00
   5.2771265e+00   1.9400637e+00
   3.6916863e+00   4.7232905e+00
   1.6355840e+00   4.9397937e+00
   3.5032327e+00   5.3555840e+00
   2.6855274e+00   5.3678751e+00
   4.0665328e+00   1.3343831e+00
   1.8377902e+00   6.4802837e+00
   6.1888505e+00   4.5442538e-01
   1.9706967e+00   3.9129073e+00
   2.7701444e+00   5.8473190e+00
  -1.9380497e+00   6.5358264e+00
   2.4661648e+00   5.1148968e+00
   2.5152312e+00   4.0887660e+00
   2.5296401e+00   2.0901304e+00
   3.8393687e+00   3.6304587e+00
   5.7453155e+00   2.9450505e+00
   2.0897923e+00   4.5191387e+00
   3.2255995e+00   3.5384563e+00
   2.5841638e+00   5.3802961e+00
   4.5783375e+00   1.8586842e+00
   3.2657974e+00   4.4030769e+00
   4.0443796e+00   3.6475736e+00
   6.5544830e+00   2.7837590e+00
   4.5396280e+00   1.2746909e+00
   4.4023033e+00   6.4442074e+00
   6.5032315e+00   6.3870959e-01
   7.1706952e+00   1.2635687e+00
   2.2406849e+00   1.7012509e+00
   4.0746199e+00   4.4130579e+00
   4.0316731e+00   3.6340376e+00
   5.3415725e+00  -8.9071314e-02
   9.3663126e-01   6.4844706e+00
   7.6140114e+00   4.7543627e-01
   2.2194706e+00   2.5469077e+00
   1.2207673e+00   6.7750708e+00
  -6.0542657e-01   7.5092876e+00
   4.4123029e+00   2.2668765e+00
   6.2656826e+00   2.4412539e+00
   2.6444428e+00   3.5690069e+00
   4.3422009e+00   3.6618623e+00
   2.8099104e+00   5.9638439e+00
   1.5385873e+00   4.9090925e+00
   1.2899640e+00   2.0114028e+00
   7.1929407e+00   5.3267131e-01
   3.4602081e+00   2.0508818e+00
   7.4616827e+00   5.0402211e-01
   2.6811888e+00   4.5931046e+00
  -7.0639571e-01   7.4172524e+00
   5.6539756e+00   1.4661040e+00
   7.2146805e+00   2.9487903e+00
   2.7051633e+00   6.6913429e+00
   4.5940476e+00   2.6368348e+00
   2.5715665e+00   4.9612405e+00
   7.6105888e+00  -2.8908522e-01
   7.1741548e+00   3.0038040e+00
   5.6983835e+00   2.9165332e+00
   8.6255910e-02   5.0998518e+00
   3.3604976e+00   3.0905426e+00
   4.2937886e+00   2.3071938e+00
   3.2677494e-01   5.7242259e+00
   2.5569141e+00   3.2162034e+00
   8.9299026e-01   6.8737167e+00
   3.4417657e+00   4.4791046e+00
   3.6772690e+00   3.3819133e+00
   7.1152674e+00  -1.0635032e+00
   1.7436455e+00   3.9188568e+00
   5.9079692e+00  -1.0812084e+00
   3.4227630e+00   2.9663942e+00
   2.7732104e+00   3.3656492e+00
   2.4942166e+00   5.1198935e+00
   3.9253951e+00   2.6018907e+00
   3.5482374e+00   4.1759842e+00
   3.6795869e+00   2.9662399e+00
   7.0718292e+00   4.1245127e+00
   4.9827073e+00   1.8505571e+00
   2.5023081e+00   4.1887745e+00
   6.2313487e+00   1.0794474e+00
   1.6703140e+00   5.2518492e+00
   3.0678278e+00   4.3282691e+00
   2.0992361e+00   4.9341307e+00
   5.5047890e+00   8.5960474e-01
   4.8468091e+00   2.7834821e+00
   2.9634578e+00   4.4149435e+00
   4.5828647e+00   2.7003211e+00
   4.3476632e-01   7.9765920e+00
   3.9940691e+00   4.4788656e+00
   5.0484593e+00   5.4354919e+00
   4.1554015e+00   3.4841534e+00
   4.3190394e+00   2.3611234e+00
   3.1399876e+00   5.2555508e+00
   5.8843160e+00   3.1822638e+00
   4.8619777e+00   1.7451531e+00
   3.8822933e+00   2.2104895e+00
   4.7205561e+00   1.0005285e+00
   6.1855007e+00   9.7997925e-01
   7.5812999e+00   8.5301828e-01
   2.6391755e+00   6.9137734e+00
   3.5138733e+00   4.6855719e+00
   2.2935338e+00   4.0011852e+00
   4.7506563e+00   3.0952542e+00
   5.4588984e+00   1.7562691e+00
  -3.1782311e-01   6.0540898e+00
   5.8587814e+00   1.8253123e+00
   3.9730403e+00   1.2535654e+00
   4.7129290e+00   2.8397884e+00
   3.6662160e+00   3.9215908e+00
   5.6984498e+00   2.2435823e+00
   4.4946982e+00   3.4069861e+00
   3.3469937e+00   2.4544558e+00
   9.9167399e+00  -8.0136813e-01
   1.2756193e+00   3.8036530e+00
   4.4801239e+00   4.6392829e+00
  -1.5114495e-01   5.2105083e+00
   4.2077065e+00   1.1278659e+00
   4.3211587e+00   3.1556916e+00
   4.1691115e+00   3.4078803e+00
   7.1422672e-01   6.9923182e+00
   3.6299584e+00   3.2123638e+00
   3.6107571e+00   3.0843271e+00
   5.4742081e+00   1.0421540e+00
   4.6178606e+00  -2.8275197e-01
   2.0607754e+00   3.9151883e+00
   4.3046118e+00   8.9534623e-01
   1.9164887e+00   5.5379911e+00
   2.5573066e+00   4.3506102e+00
   2.9608407e+00   4.9359211e+00
   4.0476606e+00   1.5314039e+00
   1.1122217e+00   5.6573871e+00
   3.6199413e+00   3.0337043e+00
   5.6210884e+00   5.9578895e+00
   6.4481471e+00   1.7800188e+00
  -3.8813635e-01   6.0898290e+00
   4.6986912e+00   3.8790612e+00
   2.8749416e+00   5.0747623e+00
   2.3595830e+00   4.8530511e+00
   1.2894787e+00   3.2266203e+00
   1.3193395e+00   5.2827796e+00
   1.3796356e+00   4.4087680e+00
   2.5276929e+00   1.6291775e+00
   1.2547985e-01   7.0633108e+00
   6.6137342e+00   1.6738889e+00
   5.2186095e+00   2.7153830e+00
   1.3149566e+00   6.5983784e+00
   3.1833226e+00   4.0222516e+00
  -7.0315422e-01   9.4285391e+00
   5.1505312e+00   2.6904006e+00
   2.9819153e+00   3.5490329e+00
   4.0444168e+00   3.8138402e+00
   9.8224564e-01   4.8752979e+00
   3.7986484e+00   1.2919121e+00
   1.5782746e+00   4.0597596e+00
   4.0530602e+00   1.2527042e+00
   4.2559721e+00   1.6780475e+00
   1.9343994e+00   5.5898861e+00
  -1.4494522e-01   8.1378546e+00
   3.2728782e+00   2.9960205e+00
   5.4483479e+00   7.1421160e-01
   2.9477357e+00   4.5278126e+00
   2.2883131e+00   3.9855936e+00
   5.3163133e+00   3.7493916e-01
   3.0573229e+00   7.5054241e+00
   4.0690377e+00   4.0966255e+00
   3.2221745e-02   5.4457807e+00
   4.4675739e+00   3.1714217e+00
   4.6402062e+00   3.4108046e+00
  -1.7477064e-01   6.2147541e+00
   2.9522350e+00   1.6746550e+00
   4.2349917e+00   3.8452483e+00
   2.2644114e+00   5.9001195e+00
   3.8661924e+00   1.8728519e+00
   3.8273262e+00   4.7947105e+00
   1.7949364e+00   6.3734491e+00
   5.8390709e+00   1.3547726e+00
   2.4664369e+00   2.8187182e+00
   4.3245369e+00   2.4584172e+00
   1.7771442e+00   1.2268937e+00
   7.6695442e+00   1.0855136e+00
   3.2450330e+00   3.8995614e+00
   5.7781487e+00   3.1394283e+00
   4.9307762e-01   7.6520145e+00
   2.3669936e+00   4.2216425e+00
   6.1358973e+00  -1.0542747e+00
   4.8159338e+00   5.3261849e+00
   1.5800800e+00   3.0200639e+00
   8.1755961e-01   6.7248981e+00
   3.0413856e+00   5.8615230e+00
   1.6262549e+00   4.6094587e+00
   3.9009735e+00   4.2695313e+00
   5.3711129e+00   6.4705900e-01
   6.7397338e+00   1.9700316e+00
   1.5497776e+00   3.5539834e+00
   2.7810208e+00   3.9218955e+00
   3.7677868e+00   3.0655383e+00
   4.8939194e-01   5.3231832e+00
  -1.0591180e+00   5.9343420e+00
   2.9008269e+00   4.2271797e+00
   2.9002326e+00   1.7586214e+00
   1.9538589e+00   2.3405260e+00
   6.3561259e+00   7.5410795e-01
   4.6765219e+00   1.6488838e+00
   4.7042148e+00   4.3578855e+00
   4.2425169e+00   3.6111487e+00
   7.4654747e+00   2.8299312e-01
   3.4676620e+00   4.9683847e+00
   2.4926707e+00   4.9052274e+00
   1.8915243e+00   7.8675878e+00
   5.2484402e+00   3.4561490e+00
   3.0359011e+00   1.2828708e+00
   4.8419725e+00   2.5525225e+00
   4.2001244e+00   2.6204293e+00
   1.9846608e+00   4.0812901e+00
   2.6017241e+00   3.1654205e+00
   1.3256673e+00   3.5460549e+00
   1.7901491e+00   5.5194204e+00
   3.4066600e+00   4.2923360e+00
   3.7436382e+00   4.1582801e+00
   3.2117575e+00   5.6274331e+00
   1.3776769e+00   3.0002459e+00
   3.5628890e+00   3.3146512e+00
   2.3384802e+00   6.3280628e+00
   3.1911150e+00   4.0574359e+00
   4.9077975e+00   1.5534690e+00
   4.5844839e+00   1.5906460e+00
   6.8958680e+00   1.1936018e+00
   3.3999646e+00   2.7548242e+00
   8.4517917e-01   3.9663086e+00
   3.0182949e+00   4.1267006e+00
   2.6077412e+00   3.2602257e+00
   4.8620600e+00   3.5451450e+00
   1.7816616e-01   2.4103582e+00
   2.4300412e+00   2.8010170e+00
   4.4749141e+00   3.4543226e+00
   8.3404551e+00   2.0852068e-01
   2.1666497e+00   2.5335888e+00
   2.0800987e+00   4.7003121e+00
   1.0038194e+00   3.8429120e+00
   3.7578517e+00   5.1691331e+00
   7.4229413e+00   4.3865428e-01
   2.4843457e+00   4.3418927e+00
   4.5350503e+00   2.7705140e+00
   3.6495101e+00   4.4534723e+00
   5.7725379e+00   1.6973549e+00
   4.8563772e+00   1.9463812e+00
   3.7182948e+00   2.3954618e+00
   7.3847282e+00  -1.7254495e+00
   2.0745552e-01   6.3735372e+00
   2.2130843e+00   5.4244744e+00
   1.5559667e+00   4.9306632e+00
   5.2216131e+00   1.5120406e+00
   2.7318841e+00   3.9736497e+00
   4.2818147e+00   3.3664405e+00
   4.9148221e+00   3.2748311e+00
   5.8710701e+00   2.5359892e+00
   2.9588973e+00   4.4616250e+00
   1.2352653e+00   5.3726859e+00
   1.9744508e+00   5.0028253e+00
   7.3073570e+00  -1.9124450e-01
   6.4901029e+00   8.4845658e-01
   1.8572022e+00   5.1018066e+00
   7.4435650e+00   5.5762984e-01
   2.5425980e+00   3.9083878e+00
   5.4423526e+00   1.0959828e+00
   3.5068369e+00   2.1836894e+00
   6.4555781e+00  -1.2990867e-03
   4.6847729e+00   2.7305729e+00
   3.5930472e+00   2.6307396e+00
   7.3362909e+00   2.5167383e+00
   2.9417990e+00   2.0615651e+00
   5.5124418e+00   3.4166321e+00
   4.8466410e+00   2.8804522e+00
   2.6362891e+00   2.7635943e+00
   1.8206889e+00   5.8780981e+00
   6.1638857e+00   4.2790189e+00
   6.6015121e+00  -5.9025373e-01
   7.3065952e+00  -1.3532920e-01
   9.6637733e-01   5.2399783e+00
   2.6376913e+00   2.1897525e+00
   4.1185506e+00   3.2447446e+00
   3.0199360e+00   3.6936154e+00
   4.4582977e+00   3.9152616e+00
   4.5204680e+00   3.1528155e+00
   4.3344566e+00   3.0918610e+00
   4.8627026e+00   9.8538532e-01
   1.9988052e-01   6.0795523e+00
   4.2863716e+00   4.0692286e+00
   5.0031183e+00   3.4154965e+00
   5.8745452e+00   2.7448245e+00
   6.0889274e+00   1.7600202e+00
   3.1741804e+00   4.2804385e+00
  -3.8562499e-02   6.0436758e+00
   6.4983465e+00   2.2500607e+00
   2.0048477e+00   6.8390051e+00
   4.0109447e+00   2.3161212e+00
   4.6551966e+00   2.6726557e+00
   5.3352221e+00   4.3770124e+00
   2.6398619e+00   7.7193515e-01
   3.9366132e+00   1.4371389e+00
   3.0191699e+00   4.1658173e+00
   1.8213951e+00   2.8640719e+00
   5.5649935e+00  -3.4825626e-02
   7.5873761e+00  -1.2127667e-01
   2.9753773e+00   1.3811073e+00
   1.7919382e+00   5.9612309e+00
   4.2487590e+00   3.9175409e+00
   4.1362937e+00   3.5609979e+00
   5.0527146e+00   3.4909044e-01
   4.9613493e+00   3.7243730e+00
   2.2375733e-01   6.6495071e+00
   3.4840178e+00   1.2617091e+00
  -1.0792989e+00   7.5289934e+00
   5.2707527e+00   1.7492557e+00
   2.1951504e+00   6.1991500e+00
   2.3573432e+00   3.4965235e+00
   6.9842411e+00   1.8632052e+00
   6.5733928e+00   1.1673285e+00
   2.8968182e+00   4.1908118e+00
   3.6593316e+00   4.3600624e+00
   3.3672511e+00   3.9872581e+00
   5.5440330e+00   1.0458659e+00
   5.6969311e+00   1.3119841e+00
   3.1947139e+00   6.5708100e+00
   1.4046202e+00   5.2935884e+00
   6.5556410e+00   1.8408874e+00
   4.5412155e+00   3.9280497e+00
   4.8441776e+00   1.7430312e+00
   5.9929865e+00   2.7484345e+00
   2.6981557e+00   4.9329923e+00
   1.3425936e+00   6.3711852e+00
   3.5240543e+00   3.6017864e+00
   2.2652593e+00   5.0278214e+00
   1.9725880e+00   4.3276861e+00
   1.8461213e+00   4.9586571e+00
   3.5087342e+00   4.4383179e+00
   8.9599022e+00   1.3529511e+00
   2.2335591e+00   5.2094874e+00
   3.3605684e+00   2.5636445e+00
   1.0580111e+00   4.6548690e+00
   5.0362448e+00   3.1072639e+00
   5.7826864e+00   7.3049142e-01
   4.6513489e+00   3.1130385e+00
   1.6503232e+00   5.4230307e+00
   4.4222762e+00   3.5474425e+00
   4.2535744e+00   3.8981396e+00
   2.8970983e+00   5.1376690e+00
   6.4575452e+00   1.3320668e+00
   3.2289342e+00   2.5160320e+00
   1.4150451e+00   4.5022495e+00
   4.5898876e+00   2.1526859e+00
   1.9007793e+00   2.2284757e+00
   1.9370043e+00   3.9857947e+00
   4.7392658e+00   9.3356782e-01
   1.6268304e+00   2.4795212e+00
   4.1153710e+00   3.8149815e+00
   3.0876515e+00   5.2101553e+00
   2.8691106e+00   4.0970467e+00
   4.5392198e+00   3.6386858e+00
   7.5444943e+00   1.0664858e+00
   3.8438938e+00   5.5385098e+00
   3.7799449e+00   3.8895258e+00
   3.5732129e+00   2.7510016e+00
   3.7625474e+00   2.9076160e+00
   5.4369389e+00   5.1795650e+00
   9.4986879e-01   4.4902695e+00
   2.0411765e+00   3.9898296e+00
   1.6723601e+00   4.3416855e+00
  -1.1126694e+00   4.1575910e+00
   5.6117813e+00   3.0132014e+00
   5.3445123e+00   2.0343956e-01
   4.7112700e+00   2.0797949e+00
   4.3794215e+00   2.8692162e+00
   1.1360574e+00   4.9573622e+00
   7.8365661e+00   4.2191924e-01
   2.5727149e+00   3.7457807e+00
   2.9741364e+00   4.8880904e+00
   2.7725231e+00   4.3057819e+00
   3.8512260e+00   4.1232640e+00
   2.7215738e+00   2.0217434e+00
   4.5460296e+00   3.5894089e+00
   2.0840474e+00   6.0896413e+00
   2.3239307e+00   6.7948650e+00
   1.9847924e+00   6.7246892e+00
   7.1603707e+00  -1.1891363e+00
  -1.7004958e+00   8.8628384e+00
   6.2450771e+00   2.4976667e+00
   2.0871100e+00   5.4351790e+00
   2.7209437e+00   4.1554439e+00
   4.7215175e+00   1.1909560e+00
   2.1126094e+00   6.1403023e+00
   4.3461855e+00   2.4045429e+00
   2.8256925e+00   3.4915603e+00
   1.5274344e+00   5.0958769e+00
   5.0013187e+00   4.1830354e+00
   4.2807245e+00   1.7710673e+00
   2.1848818e+00   3.9334486e+00
   4.4590237e+00   4.4585669e+00
   2.8121812e+00   4.9956109e+00
   3.2096416e+00   2.0665464e+00
   1.3105600e+00   5.5687209e+00
   6.3330907e+00   7.5792058e-01
   3.9998799e+00  -5.5295038e-01
   3.1861869e+00   4.5174943e+00
   2.5201715e-01   7.2787417e+00
   1.1933014e+00   5.0699589e+00
   3.0754365e+00   4.6360007e+00
   2.2376367e+00   4.1841152e+00
   4.6542763e+00   2.7129721e+00
   2.6677313e+00   3.5423408e+00
   5.4266729e+00   1.0624413e+00
   1.5210381e+00   4.1512572e+00
   1.7889970e+00   3.6672732e+00
   3.6783558e+00   1.9737190e+00
   7.0704528e+00   1.7623970e+00
  -8.0982261e-01   3.6745793e+00
   2.5683759e+00   4.2666291e+00
   3.8764340e+00   2.5368980e+00
   4.1624310e+00   3.1214850e+00
   2.3461430e+00   6.1403622e+00
   3.0225756e+00   6.5734252e+00
   5.3349400e+00   2.1956521e+00
   5.4131068e+00   1.7249274e+00
   4.5724152e+00   1.6506314e+00
   1.5646039e+00   3.6913004e+00
   6.9776190e+00   6.4534880e-01
   2.0484562e+00   3.9919404e+00
   6.0800221e+00   1.1839039e+00
   5.2987918e+00   2.1410209e+00
   4.3318898e+00   3.8192514e+00
   1.5783733e+00   3.8344153e+00
   2.6257074e+00   2.9223530e+00
   2.1749955e+00   2.3171883e+00
   3.2694652e-01   7.5546741e+00
   5.4942290e+00   4.5881061e-01
   4.8926612e+00   2.4648631e+00
   8.3802850e+00  -2.0510913e+00
   4.2550993e+00   2.1284586e+00
   5.3927976e+00   6.0303250e+00
   3.3332245e+00   1.9597681e+00
   2.0833130e+00   4.5763453e+00
   3.2545301e+00   4.7564625e+00
   5.1317399e+00   1.9807492e+00
   3.3706228e+00   3.0321308e+00
   6.2157730e+00   2.5944258e+00
   2.2844580e+00   5.5781500e+00
   4.4941607e+00   1.0695939e+00
   2.4797052e+00   4.0147020e+00
   2.6578030e+00   4.1002589e+00
   3.0359395e+00   6.4394784e+00
   1.9090121e+00   4.0714507e+00
   2.4206247e+00   2.8049558e+00
   2.7073081e+00   3.2368546e+00
   3.1439619e+00   5.4173249e+00
   3.5992308e+00   2.7135364e+00
   1.9807002e+00   4.6615649e+00
   6.0562745e+00  -1.0691749e-01
  -1.1775545e+00   8.3469313e+00
   3.8837599e+00   4.6551993e+00
   6.4568456e+00   1.8976632e+00
   5.3064816e+00  -9.4027493e-01
   5.9498422e+00  -7.6012579e-01
   7.5067391e+00  -8.4733119e-02
   7.9629414e+00  -1.4161974e+00
   2.4738137e-01  -1.1177843e+00
   4.6596498e+00  -8.1860375e-01
   2.3557584e+00  -2.6824418e+00
   4.0019654e+00  -1.3026453e+00
   7.6301707e+00  -3.0488350e-01
   5.3320509e+00  -1.6398214e+00
   6.0818716e+00  -1.4606098e+00
   6.0607909e+00  -4.0648478e+00
   5.0638790e+00  -2.5979326e-01
   6.0986550e+00  -9.4941579e-01
   7.0780866e+00  -2.1586175e+00
   4.9953139e+00  -3.6536260e+00
   1.6928822e+00  -1.6868869e+00
   5.8632300e+00  -3.4279831e+00
   6.4877813e+00  -1.3028441e+00
   8.5364412e+00  -1.4044123e+00
   7.2218577e+00  -2.8693508e+00
   3.1658528e+00  -2.0575022e+00
   1.8619677e+00  -3.0995364e+00
   4.2386280e+00  -1.8411348e+00
   1.4492114e-01  -2.0135136e+00
   5.5044563e+00  -1.7705603e+00
   2.8437194e+00   3.8519128e-01
   4.6975214e+00  -1.2859419e+00
   6.5120815e+00  -2.0853337e+00
   5.4602143e+00  -2.1853201e+00
   4.8938887e+00  -1.3630832e+00
   5.5744809e+00  -2.3943412e+00
   4.2893097e+00  -2.8973935e+00
   6.3673160e+00  -9.4170053e-01
   3.1270944e+00  -8.9441585e-01
   7.7373310e+00  -2.3573417e-02
   9.5340126e-01   1.1875308e+00
   1.8170889e+00  -1.7112096e+00
   4.7813490e+00  -2.0178542e+00
   4.0872734e+00  -1.7741190e+00
   5.1054883e+00  -1.6278348e+00
   3.4874977e+00  -3.7366091e+00
   4.1597902e+00  -1.4815609e+00
   6.9266541e+00  -1.3464233e+00
   4.4044031e+00  -4.9946028e-01
   3.0923137e+00  -1.8002533e+00
   3.9305445e+00  -1.8561809e-01
   3.4513458e+00  -7.5513196e-01
   6.5774073e+00  -2.6307232e+00
   2.3196551e+00  -5.6798102e-01
   8.3107719e+00  -1.7522420e+00
   3.8786642e+00  -2.2894112e+00
   3.2233924e+00  -3.5628067e-01
   1.0760541e-01  -3.1986284e+00
   3.4707539e+00  -1.0891275e+00
   4.0915193e+00  -1.7800163e+00
   5.2537510e+00  -3.1830764e+00
   5.1206143e+00  -1.1677819e+00
   6.6167338e+00  -3.0473070e-01
   3.5974162e+00  -1.7765276e+00
   4.8193720e+00  -1.6668377e+00
   3.3856522e+00  -8.1802387e-01
   6.5701926e+00  -1.8980858e+00
   4.3433914e+00  -1.0270344e+00
   5.2290960e+00  -1.0107152e+00
   7.1770285e+00   1.5338677e-01
   6.8850123e+00  -2.3384032e+00
   3.8211061e+00   1.2198938e+00
   8.3858833e+00  -1.3996325e+00
   8.4104811e+00  -4.8582227e-01
   5.3114424e+00  -3.6623779e+00
   4.8046027e+00  -4.4805299e-01
   5.2295749e+00  -1.0292715e+00
   8.1353837e+00  -2.7356683e+00
   1.7969535e+00  -1.2022360e+00
   9.1214583e+00  -7.2964419e-01
   4.8109541e+00  -3.0794091e+00
   1.7932214e+00  -7.9583608e-01
   3.1496758e-01  -1.5679805e+00
   6.2386625e+00  -1.7268544e+00
   7.2080349e+00  -2.9301367e-01
   4.4662027e+00  -2.0561751e+00
   5.3927937e+00  -7.9002005e-01
   3.1790757e+00  -2.4576630e-01
   3.0540379e+00  -1.8905494e+00
   4.5834771e+00  -4.1153286e+00
   8.8453083e+00  -9.8691484e-01
   5.8136749e+00  -2.5528185e+00
   9.0170072e+00  -8.1714356e-01
   3.8961549e+00  -1.3060453e+00
   3.0980955e-01  -1.7044552e+00
   7.4178688e+00  -1.4150909e+00
   7.4629129e+00   7.3691164e-01
   2.6985782e+00   1.9458580e-01
   6.1299973e+00  -1.3367415e+00
   3.6203210e+00  -1.1232486e+00
   9.5608789e+00  -1.2726626e+00
   7.4077531e+00   7.4715625e-01
   6.6061020e+00  -3.5808143e-01
   2.1053991e+00  -2.7826156e+00
   5.1558586e+00  -1.8881732e+00
   6.1469610e+00  -1.7821481e+00
   1.8837802e+00  -2.1710437e+00
   4.6193591e+00  -2.3675369e+00
   1.5470260e+00  -9.5785628e-01
   4.4010921e+00  -8.4884640e-01
   5.1705237e+00  -1.4581518e+00
   9.7220154e+00  -2.1705040e+00
   3.7441412e+00  -2.4457537e+00
   9.0352036e+00  -3.0367121e+00
   5.2634847e+00  -1.9319311e+00
   4.6579553e+00  -2.1089183e+00
   3.4840647e+00  -1.0657586e+00
   5.7641256e+00  -1.8342594e+00
   4.6375702e+00  -9.8789801e-01
   5.4118511e+00  -1.7504382e+00
   6.7016339e+00   1.4672618e+00
   6.8083478e+00  -1.6178999e+00
   4.0263182e+00  -1.7184376e+00
   7.9744516e+00  -1.2802340e+00
   2.9321997e+00  -1.5550389e+00
   4.2722839e+00  -1.2199172e+00
   3.3632728e+00  -1.4764061e+00
   7.6818984e+00  -1.9494415e+00
   6.1912624e+00  -1.0543168e+00
   4.1619844e+00  -1.2324299e+00
   6.0868870e+00  -1.2997574e+00
   6.4572489e-01  -5.0201893e-01
   4.7201026e+00  -4.5847788e-01
   4.7765466e+00   9.6352547e-01
   5.3875453e+00  -1.0477664e+00
   6.1304033e+00  -1.7261590e+00
   3.7785790e+00  -5.1320530e-01
   6.5600305e+00  -3.8707416e-02
   6.7994995e+00  -1.7778005e+00
   5.9652164e+00  -2.1414994e+00
   7.1477589e+00  -2.4043297e+00
   8.0054092e+00  -1.3829880e+00
   8.8845752e+00  -4.8578391e-01
   2.5320597e+00   3.0520742e-01
   4.3235195e+00  -6.5186418e-01
   4.0140870e+00  -1.9987090e+00
   5.9557468e+00  -9.0185090e-01
   7.1377140e+00  -1.3478537e+00
   1.3211744e+00  -2.3935944e+00
   7.3287245e+00  -1.0162728e+00
   6.5700896e+00  -2.7539791e+00
   6.0814582e+00  -1.1091698e+00
   4.8525593e+00  -1.0843578e+00
   6.9946687e+00  -8.3388274e-01
   5.6279909e+00  -8.6241290e-01
   5.5153070e+00  -2.3475031e+00
   1.1188103e+01  -4.2062493e-03
   3.5404391e+00  -2.8581596e+00
   4.9081095e+00  -1.3530196e-03
   1.9044481e+00  -2.8722374e+00
   6.7781468e+00  -2.6769281e+00
   5.6728827e+00  -1.1628159e+00
   5.4394971e+00  -1.0920052e+00
   1.3753422e+00  -1.0003973e+00
   5.2410983e+00  -1.6114951e+00
   5.3039345e+00  -1.7156080e+00
   7.5588476e+00  -1.8419836e+00
   7.8293700e+00  -3.3843628e+00
   3.9293542e+00  -2.2241030e+00
   6.9683404e+00  -2.7728219e+00
   2.9091246e+00  -1.1786343e+00
   3.9646357e+00  -1.5651126e+00
   3.8596868e+00  -8.6589367e-01
   6.4527614e+00  -2.5047531e+00
   2.3758475e+00  -1.6629112e+00
   5.3384641e+00  -1.7449095e+00
   4.8055477e+00   1.7378263e+00
   7.6951451e+00  -6.3155556e-01
   1.2599450e+00  -2.4180419e+00
   5.4732136e+00  -3.8436061e-01
   3.7299329e+00  -8.2845795e-01
   3.5603955e+00  -1.3496450e+00
   3.8815908e+00  -3.2563832e+00
   2.7117068e+00  -1.7813443e+00
   3.2511296e+00  -2.3567281e+00
   5.5187581e+00  -3.5103962e+00
   9.9444141e-01  -1.3665048e+00
   7.8520210e+00  -5.8951295e-01
   6.4452384e+00  -8.3956757e-01
   1.9496150e+00  -8.5417465e-01
   4.5156441e+00  -1.3546371e+00
  -8.4953584e-01  -2.7996867e-01
   6.4203571e+00  -9.0537136e-01
   4.6725745e+00  -1.8316697e+00
   5.1331235e+00  -8.9312064e-01
   2.7523452e+00  -2.3078387e+00
   6.4472649e+00  -2.8501776e+00
   3.5673140e+00  -2.4630553e+00
   6.6167863e+00  -2.6980054e+00
   6.4883655e+00  -2.2537620e+00
   2.8895038e+00  -1.1292741e+00
   2.1792332e-01  -7.9790707e-01
   5.1598439e+00  -2.0169667e+00
   7.7332549e+00  -2.0921598e+00
   4.0877421e+00  -1.1637366e+00
   4.0200746e+00  -2.0134255e+00
   7.8529037e+00  -2.4254242e+00
   2.4318876e+00   1.0192425e+00
   4.9840722e+00  -6.7575167e-01
   1.8744803e+00  -2.5762148e+00
   5.7483338e+00  -1.0481619e+00
   5.7097953e+00  -7.5682314e-01
   1.3110062e+00  -2.1788342e+00
   5.7376112e+00  -3.1780421e+00
   5.2250184e+00  -7.3615498e-01
   2.9009229e+00  -6.7655235e-01
   6.1508557e+00  -2.3916303e+00
   4.4414804e+00  -3.5304688e-01
   2.3565945e+00  -6.7382668e-01
   7.5890108e+00  -1.3629319e+00
   4.7966103e+00  -2.7125784e+00
   6.0774047e+00  -1.6534746e+00
   5.3176873e+00  -4.3255719e+00
   8.8012918e+00  -2.5898670e-01
   4.6221078e+00  -1.3977563e+00
   6.5234659e+00  -1.4406833e-01
   8.6678589e-01  -6.9029762e-01
   3.9292180e+00  -1.7908783e+00
   9.1512477e+00  -2.8564977e+00
   4.7054064e+00   7.2181347e-01
   4.1686249e+00  -3.1969546e+00
   1.5893965e+00  -1.1164244e+00
   3.3717929e+00  -1.5444039e-01
   3.2776465e+00  -2.0404321e+00
   4.7872131e+00  -6.7232815e-01
   7.7274338e+00  -2.1942573e+00
   7.7537889e+00  -2.9101330e-01
   3.8428713e+00  -2.8408434e+00
   4.3413157e+00  -1.7100699e+00
   5.4054434e+00  -1.6178570e+00
   2.2092093e+00  -2.3396362e+00
   9.6232402e-01  -3.0024435e+00
   4.2342298e+00  -1.4094857e+00
   5.6591095e+00  -3.1554402e+00
   4.7767577e+00  -3.4131587e+00
   8.2343266e+00  -1.4220529e+00
   6.7480077e+00  -1.9770102e+00
   5.1999533e+00  -4.1874872e-02
   5.3645206e+00  -8.9636724e-01
   9.1468077e+00  -9.7075334e-01
   4.1335573e+00  -4.8456161e-01
   3.6071098e+00  -1.2186436e+00
   1.5497182e+00   4.5098688e-01
   6.0347798e+00  -2.9467342e-01
   6.0121125e+00  -3.3959146e+00
   6.3218146e+00  -1.2210499e+00
   5.9120374e+00  -1.6268877e+00
   3.7895105e+00  -2.1604725e+00
   4.6745497e+00  -2.3717604e+00
   3.7180586e+00  -3.0049196e+00
   2.8469043e+00  -1.2811013e+00
   4.4886547e+00  -1.0057352e+00
   4.7606063e+00  -8.6224746e-01
   3.6053090e+00  -1.9949586e-01
   4.0632093e+00  -3.3540886e+00
   5.1433202e+00  -1.5865921e+00
   2.6966135e+00  -3.2157613e-01
   4.4998294e+00  -1.3242480e+00
   6.9366225e+00  -1.8809421e+00
   6.7284931e+00  -2.0832712e+00
   8.2922050e+00  -7.2962850e-01
   5.3724720e+00  -2.0976546e+00
   3.1980151e+00  -3.0475118e+00
   4.3600617e+00  -1.3974727e+00
   4.6232879e+00  -2.3004683e+00
   5.7603212e+00  -5.0495576e-01
   3.7112433e+00  -4.6193843e+00
   4.7858170e+00  -2.7508307e+00
   5.5892387e+00  -8.4293043e-01
   9.6949745e+00  -4.0470873e-01
   4.7881476e+00  -3.1261769e+00
   3.4872191e+00  -1.6552730e+00
   3.3608491e+00  -3.0225909e+00
   4.1851963e+00  -1.3741601e-01
   9.0323800e+00  -8.9075992e-01
   3.9275447e+00  -1.6228680e+00
   6.0187555e+00  -1.2839334e+00
   4.5358322e+00  -7.2007367e-01
   7.3528080e+00  -1.1677356e+00
   6.6800870e+00  -1.6394709e+00
   5.7637380e+00  -2.1266687e+00
   1.0259764e+01  -2.4480331e+00
   1.4400111e+00  -1.7962829e+00
   3.1459031e+00  -1.0491779e+00
   3.0516180e+00  -1.8630075e+00
   7.1417226e+00  -1.6883353e+00
   4.2830663e+00  -1.7082190e+00
   5.5284916e+00  -1.0416144e+00
   5.9468493e+00  -6.5878811e-01
   6.9255099e+00  -5.0505877e-01
   4.1323998e+00  -1.2026459e+00
   2.6112591e+00  -1.7772204e+00
   3.2515672e+00  -1.5160682e+00
   9.3293196e+00  -1.4178961e+00
   8.2572060e+00  -1.2606023e+00
   3.1267268e+00  -1.5289852e+00
   8.9755965e+00  -7.9204832e-01
   4.2114609e+00  -1.8882116e+00
   7.5093778e+00  -1.8264462e+00
   5.7639196e+00  -2.4259378e+00
   8.7278798e+00  -1.8858830e+00
   6.1282579e+00  -1.2063062e+00
   5.5555886e+00  -2.0488656e+00
   7.7825700e+00   5.1739629e-01
   5.5082032e+00  -2.9118348e+00
   6.2100163e+00  -1.3593871e-01
   6.1351796e+00  -9.8586745e-01
   4.9265003e+00  -2.6314533e+00
   2.6574537e+00  -1.0058829e+00
   6.0882284e+00   9.3450120e-01
   9.1521679e+00  -2.1991459e+00
   9.2965971e+00  -1.3788967e+00
   2.5326354e+00  -2.0611913e+00
   5.2586175e+00  -3.0362292e+00
   5.5044921e+00  -1.2431115e+00
   4.6110510e+00  -1.7025497e+00
   5.3135221e+00  -5.2874688e-01
   5.7896145e+00  -1.0239167e+00
   5.7174129e+00  -1.1985479e+00
   7.2385702e+00  -2.3145248e+00
   1.6053699e+00  -2.0095180e+00
   5.1253676e+00  -5.4144586e-01
   5.9166139e+00  -4.9688786e-01
   6.8069451e+00  -3.5493267e-01
   7.4992957e+00  -8.9970337e-01
   4.3613016e+00  -1.1785359e+00
   1.4884181e+00  -2.2034911e+00
   7.4527489e+00  -2.6368942e-01
   2.2089979e+00  -1.9619913e-01
   5.9785068e+00  -1.9758362e+00
   6.1446205e+00  -1.2681734e+00
   5.5532226e+00   4.1783935e-01
   6.0784480e+00  -4.0372426e+00
   6.4430722e+00  -2.6499309e+00
   4.3379828e+00  -1.3691943e+00
   4.3980103e+00  -3.1366220e+00
   8.2330571e+00  -2.5393283e+00
   9.4505928e+00  -1.1704179e+00
   5.9204522e+00  -3.3692477e+00
   2.5928578e+00  -9.6742902e-01
   5.1912289e+00  -6.7530148e-01
   5.3321472e+00  -1.0069403e+00
   7.7156387e+00  -2.6300945e+00
   5.7141686e+00  -3.0801429e-01
   1.2900916e+00  -1.5896155e+00
   6.2830505e+00  -3.0940118e+00
   3.0000110e-02  -1.8891248e+00
   7.0331372e+00  -1.4858520e+00
   2.6882897e+00  -5.1408076e-01
   4.3422939e+00  -2.3104386e+00
   7.9566314e+00  -1.9365823e-01
   8.1211927e+00  -9.7623094e-01
   4.2529124e+00  -1.4380363e+00
   4.5954329e+00  -7.7917958e-01
   4.6420388e+00  -1.2493241e+00
   7.5970180e+00  -1.7899853e+00
   7.5316503e+00  -1.4936960e+00
   3.0508100e+00   4.5552069e-01
   2.7547032e+00  -1.7133988e+00
   7.7220642e+00  -5.1250534e-01
   5.3540114e+00  -4.6107260e-01
   6.7904477e+00  -1.7918874e+00
   6.8732430e+00  -2.6862940e-01
   3.7097165e+00  -1.0537110e+00
   2.0967413e+00  -9.9528216e-01
   4.9551213e+00  -1.4110172e+00
   3.4050340e+00  -1.2927606e+00
   3.6402835e+00  -1.9947809e+00
   3.2029766e+00  -1.6380425e+00
   4.4633046e+00  -8.3033300e-01
   9.3918753e+00   8.4254102e-01
   3.2818470e+00  -1.1867188e+00
   5.4601042e+00  -2.2606964e+00
   2.9233531e+00  -2.4101312e+00
   6.1136977e+00  -6.9141723e-01
   7.9168861e+00  -1.8442353e+00
   5.8881439e+00  -9.5949651e-01
   2.8218263e+00  -1.4481309e+00
   5.5050855e+00  -8.1430529e-01
   5.2052104e+00  -6.8561521e-01
   3.7064059e+00  -7.6830907e-01
   7.9591963e+00  -9.4166001e-01
   5.4115942e+00  -2.3874429e+00
   3.2176017e+00  -2.2655883e+00
   6.4071190e+00  -1.6820280e+00
   4.8108044e+00  -3.5299232e+00
   3.8171303e+00  -2.2616962e+00
   7.1972207e+00  -2.4384484e+00
   4.5076987e+00  -3.5461184e+00
   5.1734300e+00  -8.4214148e-01
   3.7745718e+00  -5.8231205e-01
   4.2910508e+00  -1.5239304e+00
   5.5199236e+00  -6.6709501e-01
   8.7400799e+00  -3.6086501e-01
   4.0216130e+00   1.8461378e-01
   4.9367334e+00  -1.0266127e+00
   5.4747039e+00  -1.9778525e+00
   5.4935949e+00  -1.7332297e+00
   5.1485949e+00   1.0572544e+00
   2.9559487e+00  -2.6029888e+00
   3.8749446e+00  -2.1851822e+00
   3.4588642e+00  -2.1971751e+00
   1.9572137e+00  -4.2966628e+00
   6.5002908e+00  -3.5096370e-01
   7.9681997e+00  -2.5267531e+00
   6.5192829e+00  -1.6477394e+00
   5.8719175e+00  -1.3241866e+00
   2.7937687e+00  -2.1410491e+00
   9.2808484e+00  -6.1011648e-01
   4.3227302e+00  -1.9818964e+00
   3.8949781e+00  -8.9031357e-01
   4.1147726e+00  -1.4446300e+00
   4.8429388e+00  -8.1093147e-01
   5.4040473e+00  -3.0957157e+00
   5.5523052e+00  -6.9712377e-01
   2.6873693e+00  -6.7007674e-01
   2.4187049e+00  -1.7851781e-03
   2.2634193e+00  -2.9121396e-01
   9.8205901e+00  -2.2274472e+00
  -1.0987439e+00  -1.3852065e+00
   7.1635684e+00  -2.6769402e-01
   3.0669915e+00  -1.1306859e+00
   4.1717909e+00  -1.5874071e+00
   7.0383706e+00  -2.2689973e+00
   2.6746104e+00  -6.1405767e-01
   6.1210079e+00  -1.6762617e+00
   4.6155611e+00  -1.9827751e+00
   2.9397588e+00  -1.7663591e+00
   5.4724361e+00   4.4571602e-02
   6.4489513e+00  -2.1704845e+00
   3.9904645e+00  -2.1234345e+00
   5.0002637e+00  -1.4405866e-01
   3.7393963e+00  -9.2880477e-01
   5.6599663e+00  -2.7189192e+00
   2.5415497e+00  -1.5853613e+00
   8.2188260e+00  -1.4356453e+00
   7.6285778e+00  -4.0124002e+00
   4.2313693e+00  -1.0024222e+00
   9.4311871e-01  -1.1246968e+00
   2.7618108e+00  -2.0209537e+00
   4.0990078e+00  -9.9693797e-01
   3.8762001e+00  -1.9088832e+00
   6.1208125e+00  -1.2403161e+00
   4.4950440e+00  -2.0585634e+00
   7.5196903e+00  -1.8612508e+00
   3.4814423e+00  -2.4388290e+00
   3.9155768e+00  -2.5915818e+00
   5.9841725e+00  -2.4531271e+00
   8.0646074e+00  -2.0397950e-01
   2.4109294e+00  -4.4240586e+00
   4.0195131e+00  -1.6166690e+00
   5.7733815e+00  -1.9148369e+00
   5.6009904e+00  -1.2992411e+00
   2.8094065e+00  -4.4888210e-01
   2.9499160e+00   3.3564977e-01
   6.8124687e+00  -1.1248147e+00
   7.1293714e+00  -1.4023951e+00
   6.6868926e+00  -2.0493890e+00
   3.7721512e+00  -2.7332619e+00
   8.6559379e+00  -1.0594952e+00
   3.8779289e+00  -2.1785421e+00
   7.8267752e+00  -1.3133761e+00
   6.8231399e+00  -1.1890055e+00
   5.2959719e+00  -6.8602021e-01
   3.6974735e+00  -2.6223279e+00
   4.8287316e+00  -2.5266764e+00
   4.9179050e+00  -3.2732938e+00
   8.2706956e-01  -8.7660012e-01
   7.9072001e+00  -2.2403128e+00
   6.4016898e+00  -1.2471921e+00
   1.1022558e+01  -1.9743317e+00
   6.2278166e+00  -1.9358903e+00
   4.6319234e+00   1.6276201e+00
   5.7929654e+00  -2.7070365e+00
   3.5606471e+00  -1.7406580e+00
   4.1328590e+00  -7.8512026e-01
   6.8192253e+00  -1.4204582e+00
   5.1954284e+00  -1.9223170e+00
   7.0907858e+00  -2.1999616e-01
   3.0983860e+00  -8.9004403e-01
   6.9771746e+00  -2.5155789e+00
   4.1137692e+00  -1.8575081e+00
   4.1671977e+00  -1.6710761e+00
   3.0349659e+00   2.5038475e-01
   3.7515155e+00  -2.2209217e+00
   4.7781063e+00  -2.7547041e+00
   4.6942662e+00  -2.2465897e+00
   3.6874733e+00  -3.9600347e-01
   5.5113559e+00  -1.9859469e+00
   3.4522021e+00  -1.7529568e+00
   8.5583205e+00  -2.2429168e+00
  -4.9896443e-01  -1.3802326e+00
   4.5546093e+00  -4.1179151e-01
   7.6322452e+00  -5.4221764e-01
