   1.0778299e+00   8.6111463e-01
   1.6173196e+00   9.4567981e-01
   3.3375803e+00   1.5650480e+00
   1.1927083e+00  -9.0240770e-01
  -1.0182874e+00   2.3423215e+00
   1.0598809e+00   1.3005449e+00
  -2.9829299e+00  -1.1131687e+00
  -1.1030116e-02   6.9468694e-01
   2.9999083e+00   1.1400967e+00
  -1.2478005e-01  -3.5957547e-01
   4.5072519e-01  -3.1427354e-01
  -4.0674005e+00  -4.8174930e+00
   2.1706857e+00   2.1255165e+00
   1.3420730e+00   5.6520661e-01
  -4.0604432e-01  -1.8754735e+00
  -3.7318464e+00  -3.7285328e+00
  -1.4929403e+00   8.4554517e-01
  -3.0341668e+00  -3.6445625e+00
   8.6749413e-01  -1.8452614e-01
   1.4158835e+00  -1.0847581e+00
  -1.5862398e+00  -3.1573304e+00
  -1.6140910e+00  -3.1715313e-01
  -3.8799403e+00  -1.6610164e+00
  -8.6004847e-01  -3.2167718e-01
  -2.6059613e+00   8.2709793e-01
  -2.9027191e-01  -6.4697635e-01
   2.5028868e+00   4.0276074e+00
   2.6381722e-01   4.7770188e-01
  -4.7922624e-01  -1.5484293e+00
  -1.0242989e+00  -1.3497196e+00
   1.9963091e-01   2.7466296e-01
  -1.3459347e+00  -1.7521541e+00
  -2.6716236e+00  -2.1690896e+00
   1.4504223e+00   4.8358382e-01
   3.8673039e-01   1.7110746e+00
   3.5250385e+00   1.5894532e+00
   3.2242512e+00   6.0856286e+00
  -1.4911548e+00   7.5950320e-01
  -9.7425460e-01  -8.1964500e-01
  -7.9748557e-01  -1.5209041e-01
  -1.8412067e-01  -2.5871216e-01
  -4.4086708e+00  -3.3391702e+00
  -2.6512161e-01   3.2899645e-01
   9.4717768e-01  -4.1517252e-01
   1.5224103e+00   1.9435609e+00
  -1.1945230e+00   1.5441498e-01
   1.8984666e+00   2.6546859e+00
   7.4261737e-01   1.8376812e+00
  -1.4007724e+00  -2.5161678e+00
   6.6665920e-01   2.5619492e+00
   7.3363862e-01  -1.6074306e+00
  -1.7637524e+00  -9.7084826e-01
   1.3528543e+00   2.6091056e+00
  -4.6718334e+00  -1.2123880e+00
   1.7098195e-01   1.2523223e+00
  -8.0619893e-01  -1.6380604e-01
  -2.8254593e+00  -3.0048884e+00
   6.1806229e-01   5.3277510e-01
   2.6418689e+00   1.4986655e+00
  -9.7484805e-01   1.6928489e-02
  -3.5283304e-01  -2.2510977e-01
   6.1045917e-01   1.7519754e+00
  -1.3435785e-01  -1.2446517e+00
   5.8705421e-01   1.0513466e+00
   9.2846377e-01   7.6646842e-01
   3.6334457e+00   2.0940541e+00
  -7.8570439e-01  -2.1186094e+00
   4.2941923e+00   5.1277961e+00
   1.3709321e+00  -1.0232489e+00
   2.9623945e+00   5.5082020e-01
  -3.6352369e+00  -3.8554599e+00
   1.7529423e+00   1.8911090e+00
   8.9649275e-01   7.3415877e-01
  -1.0317147e+00  -3.2487658e+00
  -6.1670563e-01   1.6481903e+00
   2.7914510e+00  -1.2286013e-01
  -2.8024546e+00  -2.6687790e+00
   8.5880236e-02   2.3534152e+00
  -1.7741548e+00   1.5386634e+00
   4.5010012e-02  -8.3085667e-01
   2.8712199e+00   1.3099034e+00
  -1.1520493e+00  -7.7459764e-01
   1.3685949e+00   1.0908478e+00
   1.5286025e+00   2.8161905e+00
  -1.3644529e+00   1.1550068e-02
  -4.6771452e+00  -4.3826190e+00
   2.2482114e+00  -4.7083223e-01
  -1.5358576e+00  -2.1112126e+00
   2.6029686e+00  -2.3748448e-01
  -5.4328821e-02   7.2620753e-01
  -2.0123595e+00   1.3041060e+00
   1.0019126e+00  -7.0777885e-01
   4.7452158e+00   3.0036734e+00
   2.1214332e+00   3.7487842e+00
   6.8228640e-01  -1.1674238e-01
   1.6476247e-01   1.1403428e+00
   2.0062741e+00  -1.2187543e+00
   4.7434581e+00   3.0409195e+00
   2.5457038e+00   1.4100182e+00
  -3.2449513e+00  -1.1981594e+00
  -6.1723133e-01  -7.2743999e-01
  -8.3182811e-02  -8.9420674e-01
  -2.2640319e+00  -6.0531780e-02
  -1.6371949e+00  -1.3680412e+00
  -2.8179022e-01   2.1598311e+00
   9.1608521e-01   1.3395770e+00
   1.3277240e-01   1.2193933e-02
   5.0813758e-01  -2.8308316e+00
  -2.0821066e+00  -1.1940803e+00
  -1.2350036e+00  -4.0883234e+00
  -6.5497066e-01  -8.4128247e-01
  -1.1756085e+00  -9.3374634e-01
   2.1616412e-01   1.2880923e+00
  -3.0879507e-01  -8.4911345e-01
   7.5884838e-01   1.0151249e+00
  -2.8816039e-01  -5.7938309e-01
   5.7410666e+00   4.5378297e+00
   4.3513889e-01  -8.4355608e-01
  -7.2259355e-01  -3.4096536e-02
   1.4322734e+00  -6.7098151e-01
  -8.2640805e-01   6.3574755e-01
   2.2783119e-01   7.4240421e-01
  -5.3780454e-01   6.1953633e-01
   1.6973871e-01  -1.7266498e+00
   1.1931208e+00   3.5077112e-01
   1.6716177e-01   7.5972831e-01
   7.3110292e-01  -3.7442256e-02
   1.8908518e-01   3.2680226e+00
   1.7050106e+00   1.9029279e+00
   4.1879486e+00   4.3459540e+00
   9.2030954e-01   6.4627361e-01
   7.9389847e-03  -7.9137686e-01
   1.2773410e+00   2.1410161e+00
   3.0825871e+00   1.9794789e+00
   1.5505455e-01  -1.1173838e+00
  -7.6985409e-01  -1.4523652e+00
  -8.0699757e-01  -2.3256925e+00
   1.2652434e+00  -8.5990187e-01
   3.1300785e+00   3.8326908e-01
   2.2541623e+00   3.9992596e+00
   1.2298423e+00   1.7081863e+00
  -1.2123622e+00  -5.1521640e-01
   1.3739322e+00   6.9811710e-01
   1.0193212e+00  -4.9227085e-01
  -2.8484121e+00  -2.4708958e-01
   1.6611686e+00   1.4511732e-02
  -1.6168451e+00  -2.7270661e+00
   1.0592909e+00   2.9458448e-01
   6.6778528e-01   7.7204160e-01
   1.8589708e+00   4.4852707e-01
   1.3263616e+00   8.8230495e-01
  -1.2857299e+00  -1.6501070e+00
   4.7786154e+00   4.0296613e-01
  -2.8684341e+00  -1.8363687e+00
   2.5632445e+00   2.6282209e+00
  -3.4712277e+00  -1.2823419e+00
  -1.4098294e+00  -2.6671690e+00
   8.2191995e-01   3.4612001e-01
   8.6205342e-01   5.5128207e-01
  -4.1617278e-01   2.1468473e+00
  -1.0787402e-01  -2.7835630e-01
  -2.6598700e-01  -4.8090117e-01
   3.1235620e-01  -1.4970223e+00
  -2.2634787e+00  -4.2641454e+00
  -1.6327137e+00  -8.7565281e-01
  -1.5086788e+00  -2.9005056e+00
  -1.8261430e-01   1.2958579e+00
  -4.7883495e-01   2.5327820e-01
   6.9514277e-01   1.5014660e+00
  -1.2266547e+00  -2.2539122e+00
  -1.2099486e+00   6.4560744e-01
  -3.0453060e-01  -5.4386086e-01
   5.5393304e+00   5.6768290e+00
   2.4570676e+00   5.5131220e-01
  -2.9124044e+00  -2.6778612e-01
   2.0996504e+00   1.7650378e+00
   7.1410843e-01   1.6121815e+00
  -2.4855455e-01   7.6939954e-01
  -3.4375623e+00  -2.6467276e+00
  -1.2963365e+00   3.2173119e-01
  -2.1022156e+00  -8.6557748e-01
  -3.2986997e+00  -3.6655171e+00
  -1.1849584e+00   1.6473992e+00
   2.5853515e+00   5.6866813e-01
   1.6548715e+00   6.3293357e-01
   4.0128358e-02   2.1970763e+00
   8.0530209e-02   4.2302156e-01
   4.5033016e-02   4.1812795e+00
   1.5320991e+00   5.2775496e-01
  -6.9023123e-01  -4.5870645e-01
   1.0982121e+00   1.0040796e+00
  -2.1938836e+00  -6.0455172e-01
  -1.8268907e+00  -2.8502615e+00
  -2.1745916e+00  -1.1615297e+00
  -1.5033860e+00  -2.6466266e+00
  -7.7933738e-01  -1.8317707e+00
  -1.0405706e-01   1.3882891e+00
  -4.7465880e-01   2.9067800e+00
  -8.3889919e-01  -9.5192587e-01
  -5.9299396e-02  -1.9920025e+00
   2.5989347e-01   9.0495718e-01
  -1.2357350e+00  -5.4282311e-01
  -5.9422803e-01  -2.6115356e+00
   3.4554912e+00   5.2714209e+00
   1.4220086e+00   1.4332713e+00
  -2.9690968e+00  -7.5902061e-01
   1.0471825e+00   5.1803064e-01
   1.5381706e+00   1.0362695e+00
  -2.4800316e+00   1.2848094e-01
  -2.6456693e+00  -3.1672391e+00
   1.4025744e+00   1.2434624e+00
   6.8411735e-01   2.1683890e+00
  -1.1374601e+00  -1.9512379e+00
   1.7891146e+00   2.1840476e+00
   4.9638918e-01   2.3655591e+00
   1.1527625e+00  -6.7794463e-01
  -2.1721566e+00  -2.0283383e+00
   1.1509422e-01  -6.4674594e-01
  -4.7817146e+00  -5.0063534e+00
   3.4934577e+00   8.0553846e-01
   4.3486223e-02   3.1069635e-01
   2.8871691e+00   1.8099160e+00
  -5.8866203e-02   2.8637575e+00
  -8.8239453e-01  -1.2523729e-01
  -8.8183517e-01  -3.8172106e+00
   3.7441392e+00   3.9524484e+00
  -3.2331470e+00  -2.6452761e+00
  -5.4145809e-01   1.8702028e+00
   1.7549195e+00   2.9062358e+00
  -1.5449998e+00  -3.2711195e-01
   1.3583382e+00   1.5088012e+00
  -2.3819551e-01  -2.1667824e+00
   3.0676378e+00   1.1204150e+00
  -2.7315158e+00  -1.9133022e+00
  -5.9673180e-01  -1.3097164e-01
  -6.0788359e-02  -3.4748010e-01
  -2.4409860e+00  -4.6759898e-01
  -4.0298426e+00  -1.1747745e+00
  -1.1396519e-01   4.2751609e-01
  -2.6342762e+00  -3.1003370e+00
  -3.3926162e+00  -3.2347601e+00
   1.2785154e+00  -1.0084988e+00
  -2.0819182e-01  -1.4442199e+00
   2.5962410e+00   2.4548526e+00
   1.1744001e+00   9.1664511e-01
   2.3828000e+00  -5.4943580e-01
   1.4524571e+00   2.0651246e+00
  -5.1374091e-03   9.7978471e-01
   2.1593496e+00   4.5990672e+00
   2.4535368e+00   1.7218370e+00
  -2.9259846e+00  -3.6416562e+00
   9.5048780e-01   1.5823730e-02
   1.0267792e-01  -5.4222992e-01
  -1.5719445e+00  -7.1599921e-01
  -1.6249973e+00  -1.3948693e+00
  -3.0598320e+00  -2.1533626e+00
  -3.8209063e-01   1.1403780e+00
   6.7530381e-01   1.0368795e+00
   1.0199814e+00   1.1892582e+00
   1.7594415e+00   2.7456370e+00
  -3.5425812e+00  -2.8801702e+00
  -9.9310668e-02  -2.0065334e-01
   1.2267199e+00   2.8554601e+00
   1.2757439e-01   4.8124840e-01
   2.4888354e-02  -1.3445105e+00
  -3.9914073e-01  -1.6213699e+00
   2.4982928e+00   1.7035236e-01
  -9.0347934e-01  -1.1668568e+00
  -3.3174670e+00  -2.0432712e+00
  -4.8669916e-02   4.0383483e-01
  -1.5196395e+00  -1.2532639e+00
   1.9922813e+00   1.4546530e+00
  -5.8585765e+00  -4.9472879e+00
  -2.2422274e+00  -2.0907772e+00
   1.3464052e+00   9.2975052e-01
   3.5570243e+00   2.3717597e-01
  -2.8915222e+00  -2.7417199e+00
  -8.0378951e-01   2.6590810e-01
  -3.2167321e+00  -2.0576774e+00
   2.0719881e+00   2.6481413e+00
   2.4808964e+00  -3.7042685e-01
  -5.9198376e-01   1.6635663e-01
   7.3442272e-01   1.4053782e-02
   1.1867639e+00   1.5149801e+00
   1.4073421e+00  -2.5634445e-01
   3.5242977e-01  -8.3557114e-01
  -8.1539988e-01  -1.3554442e+00
   2.1756572e-01  -3.5016487e+00
  -1.7718231e+00   7.4546917e-01
   1.2532451e-01   1.4363690e+00
  -1.3176045e+00   6.0109602e-02
   4.3100703e-01  -1.0834196e+00
  -6.1412025e-01  -1.0717158e-01
   9.8079719e-01   6.0709722e-01
   1.7917835e+00   1.1222600e+00
   2.4040593e+00   1.0425182e+00
   2.0828945e-01   8.2177545e-01
  -1.3247072e+00   3.6438764e-01
  -6.4599525e-01   5.9033347e-01
   1.6728538e+00  -1.3884374e+00
   1.5662452e+00  -7.3694724e-01
  -7.1250594e-01   6.1209827e-01
   2.6317939e+00  -1.7937736e-01
  -9.5119293e-01  -3.9361160e-01
   3.2177766e-01  -1.4526204e+00
  -1.3336849e+00  -1.8738577e+00
   6.4963549e-01  -1.9863736e+00
   9.0759205e-01   1.0979321e-01
  -7.5423295e-01  -1.1470934e+00
   4.4780199e+00   2.5104458e+00
  -2.2656926e+00  -2.6250465e+00
   2.7904288e+00   1.9348181e+00
   1.2918503e+00   4.8915710e-01
  -1.9857206e+00  -1.9337485e+00
   2.7620666e-02   1.6840510e+00
   4.6014266e+00   3.8319329e+00
   2.5705681e-01  -2.6789693e+00
   1.7288336e+00  -1.3093193e+00
  -1.8443571e+00  -9.9666788e-02
  -2.5693920e+00  -2.7522622e+00
   6.2330882e-01   2.6657905e-01
  -4.8834061e-01  -2.1331214e-01
   1.7931065e+00   1.5714130e+00
   1.1037714e+00   5.4542962e-01
   7.7577411e-01   2.6848657e-01
  -6.1934427e-01  -2.2022524e+00
  -2.0826940e+00   3.1767197e-01
   1.7045886e+00   1.6159403e+00
   2.0615131e+00   1.4133693e+00
   2.6221664e+00   1.3444632e+00
   1.9233787e+00   1.5610978e-01
   3.3097809e-01   7.8260606e-01
  -2.4600141e+00   2.3049343e-02
   3.0085304e+00   1.2741750e+00
   1.2714811e+00   3.2450176e+00
  -4.7821816e-01  -1.1701269e+00
   8.0621993e-01  -3.1490053e-03
   3.5173889e+00   3.1262015e+00
  -4.0133442e+00  -4.7759221e+00
  -1.4815356e+00  -2.5019418e+00
  -7.4962815e-03   4.6062056e-01
  -3.0475479e+00  -2.6218769e+00
  -6.5711113e-01  -2.9432277e+00
   2.1443751e+00  -1.0026692e+00
  -2.9122030e+00  -3.5630610e+00
   7.1386697e-02   1.7734933e+00
   1.4960293e+00   1.3608101e+00
   9.7143617e-01   7.3657264e-01
  -9.9725788e-01  -2.9175044e+00
   2.3170765e+00   1.8120831e+00
  -1.4668694e+00   1.1564320e+00
  -2.3072826e+00  -3.2145363e+00
  -2.4311442e+00   1.0831764e+00
   7.4332766e-01  -6.9431747e-01
   8.9034921e-01   2.5249752e+00
  -1.6362550e+00  -1.1711866e+00
   3.3079774e+00   1.2173232e+00
   2.0107029e+00  -1.9631364e-01
  -1.5681101e-01   3.7145968e-01
   1.1054615e+00   1.3915337e+00
   3.0762495e-01   5.6074176e-01
   4.1591524e-01  -1.4204538e+00
   9.0599245e-01  -8.8415466e-01
   2.6979185e+00   4.0762039e+00
  -1.1634498e+00   4.2421479e-01
   2.6727860e+00   7.4799588e-01
   1.9246370e+00   1.6743131e+00
   1.2745505e-01  -1.1385827e+00
   2.7950878e+00   1.4705050e+00
   3.1681118e-01   1.2291794e+00
  -1.5226001e-01   1.9006539e+00
   1.3825571e-01   1.6998973e-01
  -2.0495643e-01   9.2285483e-01
  -1.3377181e+00  -3.7625337e-01
  -8.7444030e-01   3.9624710e-01
   9.7014680e-01   1.3496478e+00
   5.6101625e+00   2.5046377e+00
  -6.4839897e-02   1.1500777e+00
  -1.1548934e+00  -1.4802362e+00
  -2.3105990e+00  -8.4218791e-01
   1.7942580e+00   1.0067548e+00
   4.3504198e-01  -1.6275080e+00
   1.2501858e+00   6.2217321e-01
  -6.8026079e-01   8.5994059e-01
   1.3662328e+00   1.0090834e+00
   1.4831087e+00   1.3380030e+00
   8.0997129e-01   1.7246804e+00
   2.0133071e+00  -7.9160658e-02
  -1.3915757e+00  -1.6826168e+00
  -1.9562108e+00  -6.9586492e-01
   1.8220999e-01  -8.1277342e-01
  -3.5828209e+00  -3.4490394e+00
  -1.7375040e+00  -9.0108886e-01
  -8.4860543e-01  -2.4022751e+00
  -3.7180357e+00  -3.3699262e+00
   1.2007611e+00   1.0781276e+00
   1.1562279e+00   2.0227364e+00
  -2.9210009e-01   2.0920270e-01
   1.6264545e+00   1.2588130e+00
   3.2953576e+00   6.5072174e-01
   2.5719246e+00   3.2637487e+00
   7.9756268e-01   8.4229891e-01
  -6.5983166e-01  -9.9549804e-01
  -2.2945347e-01  -5.7847776e-01
   4.4818308e+00   4.3767584e+00
  -2.6331139e+00  -1.1877514e+00
  -1.5845375e+00  -7.8900318e-01
  -1.7524164e+00  -6.6266888e-01
  -5.9197494e+00  -3.7681746e+00
   2.5206222e+00   1.4597563e+00
  -7.2897145e-01  -2.8278056e+00
   2.8125542e-01  -7.9303981e-01
   6.1278709e-01  -3.7516574e-03
  -1.8903503e+00  -3.3030912e-01
   3.0548319e+00   2.7815016e-02
  -1.0741201e+00  -5.9521798e-01
   6.6532365e-01   1.4466921e+00
  -2.1707148e-01   4.0887881e-01
   1.1379722e+00   1.2490312e+00
  -2.6210084e+00  -2.9067130e+00
   1.5858918e+00   1.1953530e+00
   6.1983082e-01   2.2551077e+00
   1.6823585e+00   3.5076098e+00
   1.1261515e+00   3.0612062e+00
   4.4436055e-01  -2.9643114e+00
  -1.9574033e+00   2.3550598e+00
   2.8993535e+00   1.3694796e+00
  -4.3750935e-02   1.3230925e+00
  -4.4420969e-01   1.4142256e-01
  -6.1126959e-01  -2.0526153e+00
   7.1234775e-01   2.3566465e+00
   9.1041970e-02  -7.0163030e-01
  -9.7211075e-01  -7.0027136e-01
  -1.1897528e+00   2.6705775e-01
   2.8423079e+00   2.5082451e+00
  -6.4903155e-01  -1.6735948e+00
  -1.4367450e+00  -7.2289560e-01
   2.3486525e+00   2.3484661e+00
   5.4364843e-01   1.4350299e+00
  -1.8778966e+00  -2.3445632e+00
  -1.0170435e+00   7.2134336e-01
   1.2494924e+00  -1.0265612e+00
  -3.4222623e+00  -5.2809474e+00
   5.9007797e-01   1.1335819e+00
  -7.8428000e-01   2.0843683e+00
  -1.6936376e+00  -1.1099881e-01
   5.5278015e-01   1.1898778e+00
  -1.1055297e+00  -3.1088319e-01
   8.4605267e-01   5.3518575e-02
  -1.1459891e+00  -7.8893121e-01
   2.6514034e-01  -1.5165497e+00
  -2.1629907e+00  -1.0892082e+00
  -2.2740767e+00  -1.5072737e+00
  -1.3029070e+00  -1.9988221e+00
   3.3282757e+00   1.1612710e+00
  -5.9799928e+00  -4.1492434e+00
  -5.4873118e-01   1.4457777e-01
  -4.4508698e-01  -9.9195029e-01
   5.6020682e-01   1.3524241e-01
   1.0460978e+00   2.5950814e+00
   2.4546245e+00   3.9042528e+00
   1.2906444e+00   9.0354733e-03
   9.2190314e-01  -5.8378981e-01
  -3.5516304e-01  -1.5479763e+00
  -2.5701824e+00  -1.7019622e+00
   2.0555459e+00  -5.2959259e-01
  -1.5719814e+00  -7.7855734e-01
   1.3226581e+00  -6.7617382e-01
   1.1832356e+00  -1.0591894e-01
   1.5144962e+00   1.3052125e+00
  -2.4044416e+00  -1.4834163e+00
  -1.8388082e+00  -1.7177031e+00
  -3.1004599e+00  -3.0424099e+00
  -3.9559343e-01   2.5551140e+00
  -2.5440894e-01  -2.3101099e+00
   9.3344828e-01  -5.7696117e-02
   1.3077292e+00  -2.9508624e+00
  -3.2088551e-01  -1.1890829e+00
   5.2870621e+00   5.5473316e+00
  -1.8102930e+00  -2.3710042e+00
  -9.2571989e-01   9.2056288e-02
   9.3162738e-01   1.5447887e+00
   7.8096368e-01  -5.0542290e-01
  -6.6238011e-01  -8.0056886e-01
   2.9562361e+00   1.4778273e+00
   3.8415264e-01   1.7287968e+00
  -1.0599974e+00  -2.4580710e+00
  -9.3255204e-01  -3.0589223e-01
  -5.9075254e-01  -1.8724009e-03
   2.3370109e+00   3.7264998e+00
  -1.6900790e+00  -8.0726711e-01
  -2.2516625e+00  -2.0947600e+00
  -1.4012245e+00  -1.1850380e+00
   1.4481298e+00   2.3762264e+00
  -6.6089315e-01  -1.0224764e+00
  -9.8536319e-01   1.0909520e-01
  -2.8713367e-02  -2.5448259e+00
  -1.7367343e+00   2.1516208e+00
   1.7273630e+00   2.0423018e+00
   2.5895669e+00   7.2828849e-01
   1.0161206e+01   9.6303645e+00
   1.0845758e+01   9.2005826e+00
   1.2671645e+01   8.3298450e+00
   1.2125240e+01   6.9932748e+00
   5.6543789e+00   1.3886156e+01
   9.6870680e+00   1.0276572e+01
   6.3739070e+00   1.0953868e+01
   8.7752275e+00   1.0503874e+01
   1.2622870e+01   8.0672803e+00
   9.6886958e+00   9.1135669e+00
   1.0464781e+01   8.5909248e+00
   8.6050506e+00   6.7677068e+00
   1.0432279e+01   1.0321638e+01
   1.0840785e+01   8.9378587e+00
   1.0833963e+01   7.2346113e+00
   7.9730982e+00   7.9812148e+00
   6.5038030e+00   1.2231899e+01
   8.8842892e+00   7.3891310e+00
   1.0927867e+01   8.3509538e+00
   1.2630239e+01   6.5049428e+00
   1.0455908e+01   6.6075376e+00
   7.5173684e+00   1.0694204e+01
   5.6513413e+00   1.1086573e+01
   8.5994138e+00   9.9181487e+00
   4.9322694e+00   1.3341513e+01
   9.7455569e+00   8.8718131e+00
   8.9656378e+00   1.2700425e+01
   9.3894078e+00   9.9133161e+00
   1.0395608e+01   7.7766056e+00
   9.4139628e+00   8.6168482e+00
   9.5049197e+00   9.6887100e+00
   9.3651204e+00   8.3700902e+00
   7.8964177e+00   9.1273695e+00
   1.1078908e+01   8.7106469e+00
   8.3062288e+00   1.1550196e+01
   1.2914589e+01   8.1733931e+00
   7.8959140e+00   1.4904829e+01
   6.5941704e+00   1.2107134e+01
   8.9444645e+00   9.3231791e+00
   8.5157242e+00   1.0096613e+01
   9.5009627e+00   9.3182516e+00
   6.6086132e+00   9.2283440e+00
   8.7853953e+00   1.0240681e+01
   1.1277127e+01   7.9400637e+00
   9.6916863e+00   1.0723290e+01
   7.6355840e+00   1.0939794e+01
   9.5032327e+00   1.1355584e+01
   8.6855274e+00   1.1367875e+01
   1.0066533e+01   7.3343831e+00
   7.8377902e+00   1.2480284e+01
   1.2188851e+01   6.4544254e+00
   7.9706967e+00   9.9129073e+00
   8.7701444e+00   1.1847319e+01
   4.0619503e+00   1.2535826e+01
   8.4661648e+00   1.1114897e+01
   8.5152312e+00   1.0088766e+01
   8.5296401e+00   8.0901304e+00
   9.8393687e+00   9.6304587e+00
   1.1745316e+01   8.9450505e+00
   8.0897923e+00   1.0519139e+01
   9.2255995e+00   9.5384563e+00
   8.5841638e+00   1.1380296e+01
   1.0578338e+01   7.8586842e+00
   9.2657974e+00   1.0403077e+01
   1.0044380e+01   9.6475736e+00
   1.2554483e+01   8.7837590e+00
   1.0539628e+01   7.2746909e+00
   1.0402303e+01   1.2444207e+01
   1.2503231e+01   6.6387096e+00
   1.3170695e+01   7.2635687e+00
   8.2406849e+00   7.7012509e+00
   1.0074620e+01   1.0413058e+01
   1.0031673e+01   9.6340376e+00
   1.1341572e+01   5.9109287e+00
   6.9366313e+00   1.2484471e+01
   1.3614011e+01   6.4754363e+00
   8.2194706e+00   8.5469077e+00
   7.2207673e+00   1.2775071e+01
   5.3945734e+00   1.3509288e+01
   1.0412303e+01   8.2668765e+00
   1.2265683e+01   8.4412539e+00
   8.6444428e+00   9.5690069e+00
   1.0342201e+01   9.6618623e+00
   8.8099104e+00   1.1963844e+01
   7.5385873e+00   1.0909092e+01
   7.2899640e+00   8.0114028e+00
   1.3192941e+01   6.5326713e+00
   9.4602081e+00   8.0508818e+00
   1.3461683e+01   6.5040221e+00
   8.6811888e+00   1.0593105e+01
   5.2936043e+00   1.3417252e+01
   1.1653976e+01   7.4661040e+00
   1.3214681e+01   8.9487903e+00
   8.7051633e+00   1.2691343e+01
   1.0594048e+01   8.6368348e+00
   8.5715665e+00   1.0961241e+01
   1.3610589e+01   5.7109148e+00
   1.3174155e+01   9.0038040e+00
   1.1698384e+01   8.9165332e+00
   6.0862559e+00   1.1099852e+01
   9.3604976e+00   9.0905426e+00
   1.0293789e+01   8.3071938e+00
   6.3267749e+00   1.1724226e+01
   8.5569141e+00   9.2162034e+00
   6.8929903e+00   1.2873717e+01
   9.4417657e+00   1.0479105e+01
   9.6772690e+00   9.3819133e+00
   1.3115267e+01   4.9364968e+00
   7.7436455e+00   9.9188568e+00
   1.1907969e+01   4.9187916e+00
   9.4227630e+00   8.9663942e+00
   8.7732104e+00   9.3656492e+00
   8.4942166e+00   1.1119894e+01
   9.9253951e+00   8.6018907e+00
   9.5482374e+00   1.0175984e+01
   9.6795869e+00   8.9662399e+00
   1.3071829e+01   1.0124513e+01
   1.0982707e+01   7.8505571e+00
   8.5023081e+00   1.0188774e+01
   1.2231349e+01   7.0794474e+00
   7.6703140e+00   1.1251849e+01
   9.0678278e+00   1.0328269e+01
   8.0992361e+00   1.0934131e+01
   1.1504789e+01   6.8596047e+00
   1.0846809e+01   8.7834821e+00
   8.9634578e+00   1.0414943e+01
   1.0582865e+01   8.7003211e+00
   6.4347663e+00   1.3976592e+01
   9.9940691e+00   1.0478866e+01
   1.1048459e+01   1.1435492e+01
   1.0155402e+01   9.4841534e+00
   1.0319039e+01   8.3611234e+00
   9.1399876e+00   1.1255551e+01
   1.1884316e+01   9.1822638e+00
   1.0861978e+01   7.7451531e+00
   9.8822933e+00   8.2104895e+00
   1.0720556e+01   7.0005285e+00
   1.2185501e+01   6.9799792e+00
   1.3581300e+01   6.8530183e+00
   8.6391755e+00   1.2913773e+01
   9.5138733e+00   1.0685572e+01
   8.2935338e+00   1.0001185e+01
   1.0750656e+01   9.0952542e+00
   1.1458898e+01   7.7562691e+00
   5.6821769e+00   1.2054090e+01
   1.1858781e+01   7.8253123e+00
   9.9730403e+00   7.2535654e+00
   1.0712929e+01   8.8397884e+00
   9.6662160e+00   9.9215908e+00
   1.1698450e+01   8.2435823e+00
   1.0494698e+01   9.4069861e+00
   9.3469937e+00   8.4544558e+00
   1.5916740e+01   5.1986319e+00
   7.2756193e+00   9.8036530e+00
   1.0480124e+01   1.0639283e+01
   5.8488551e+00   1.1210508e+01
   1.0207706e+01   7.1278659e+00
   1.0321159e+01   9.1556916e+00
   1.0169112e+01   9.4078803e+00
   6.7142267e+00   1.2992318e+01
   9.6299584e+00   9.2123638e+00
   9.6107571e+00   9.0843271e+00
   1.1474208e+01   7.0421540e+00
   1.0617861e+01   5.7172480e+00
   8.0607754e+00   9.9151883e+00
   1.0304612e+01   6.8953462e+00
   7.9164887e+00   1.1537991e+01
   8.5573066e+00   1.0350610e+01
   8.9608407e+00   1.0935921e+01
   1.0047661e+01   7.5314039e+00
   7.1122217e+00   1.1657387e+01
   9.6199413e+00   9.0337043e+00
   1.1621088e+01   1.1957890e+01
   1.2448147e+01   7.7800188e+00
   5.6118637e+00   1.2089829e+01
   1.0698691e+01   9.8790612e+00
   8.8749416e+00   1.1074762e+01
   8.3595830e+00   1.0853051e+01
   7.2894787e+00   9.2266203e+00
   7.3193395e+00   1.1282780e+01
   7.3796356e+00   1.0408768e+01
   8.5276929e+00   7.6291775e+00
   6.1254798e+00   1.3063311e+01
   1.2613734e+01   7.6738889e+00
   1.1218609e+01   8.7153830e+00
   7.3149566e+00   1.2598378e+01
   9.1833226e+00   1.0022252e+01
   5.2968458e+00   1.5428539e+01
   1.1150531e+01   8.6904006e+00
   8.9819153e+00   9.5490329e+00
   1.0044417e+01   9.8138402e+00
   6.9822456e+00   1.0875298e+01
   9.7986484e+00   7.2919121e+00
   7.5782746e+00   1.0059760e+01
   1.0053060e+01   7.2527042e+00
   1.0255972e+01   7.6780475e+00
   7.9343994e+00   1.1589886e+01
   5.8550548e+00   1.4137855e+01
   9.2728782e+00   8.9960205e+00
   1.1448348e+01   6.7142116e+00
   8.9477357e+00   1.0527813e+01
   8.2883131e+00   9.9855936e+00
   1.1316313e+01   6.3749392e+00
   9.0573229e+00   1.3505424e+01
   1.0069038e+01   1.0096626e+01
   6.0322217e+00   1.1445781e+01
   1.0467574e+01   9.1714217e+00
   1.0640206e+01   9.4108046e+00
   5.8252294e+00   1.2214754e+01
   8.9522350e+00   7.6746550e+00
   1.0234992e+01   9.8452483e+00
   8.2644114e+00   1.1900119e+01
   9.8661924e+00   7.8728519e+00
   9.8273262e+00   1.0794710e+01
   7.7949364e+00   1.2373449e+01
   1.1839071e+01   7.3547726e+00
   8.4664369e+00   8.8187182e+00
   1.0324537e+01   8.4584172e+00
   7.7771442e+00   7.2268937e+00
   1.3669544e+01   7.0855136e+00
   9.2450330e+00   9.8995614e+00
   1.1778149e+01   9.1394283e+00
   6.4930776e+00   1.3652014e+01
   8.3669936e+00   1.0221642e+01
   1.2135897e+01   4.9457253e+00
   1.0815934e+01   1.1326185e+01
   7.5800800e+00   9.0200639e+00
   6.8175596e+00   1.2724898e+01
   9.0413856e+00   1.1861523e+01
   7.6262549e+00   1.0609459e+01
   9.9009735e+00   1.0269531e+01
   1.1371113e+01   6.6470590e+00
   1.2739734e+01   7.9700316e+00
   7.5497776e+00   9.5539834e+00
   8.7810208e+00   9.9218955e+00
   9.7677868e+00   9.0655383e+00
   6.4893919e+00   1.1323183e+01
   4.9408820e+00   1.1934342e+01
   8.9008269e+00   1.0227180e+01
   8.9002326e+00   7.7586214e+00
   7.9538589e+00   8.3405260e+00
   1.2356126e+01   6.7541080e+00
   1.0676522e+01   7.6488838e+00
   1.0704215e+01   1.0357886e+01
   1.0242517e+01   9.6111487e+00
   1.3465475e+01   6.2829931e+00
   9.4676620e+00   1.0968385e+01
   8.4926707e+00   1.0905227e+01
   7.8915243e+00   1.3867588e+01
   1.1248440e+01   9.4561490e+00
   9.0359011e+00   7.2828708e+00
   1.0841973e+01   8.5525225e+00
   1.0200124e+01   8.6204293e+00
   7.9846608e+00   1.0081290e+01
   8.6017241e+00   9.1654205e+00
   7.3256673e+00   9.5460549e+00
   7.7901491e+00   1.1519420e+01
   9.4066600e+00   1.0292336e+01
   9.7436382e+00   1.0158280e+01
   9.2117575e+00   1.1627433e+01
   7.3776769e+00   9.0002459e+00
   9.5628890e+00   9.3146512e+00
   8.3384802e+00   1.2328063e+01
   9.1911150e+00   1.0057436e+01
   1.0907798e+01   7.5534690e+00
   1.0584484e+01   7.5906460e+00
   1.2895868e+01   7.1936018e+00
   9.3999646e+00   8.7548242e+00
   6.8451792e+00   9.9663086e+00
   9.0182949e+00   1.0126701e+01
   8.6077412e+00   9.2602257e+00
   1.0862060e+01   9.5451450e+00
   6.1781662e+00   8.4103582e+00
   8.4300412e+00   8.8010170e+00
   1.0474914e+01   9.4543226e+00
   1.4340455e+01   6.2085207e+00
   8.1666497e+00   8.5335888e+00
   8.0800987e+00   1.0700312e+01
   7.0038194e+00   9.8429120e+00
   9.7578517e+00   1.1169133e+01
   1.3422941e+01   6.4386543e+00
   8.4843457e+00   1.0341893e+01
   1.0535050e+01   8.7705140e+00
   9.6495101e+00   1.0453472e+01
   1.1772538e+01   7.6973549e+00
   1.0856377e+01   7.9463812e+00
   9.7182948e+00   8.3954618e+00
   1.3384728e+01   4.2745505e+00
   6.2074555e+00   1.2373537e+01
   8.2130843e+00   1.1424474e+01
   7.5559667e+00   1.0930663e+01
   1.1221613e+01   7.5120406e+00
   8.7318841e+00   9.9736497e+00
   1.0281815e+01   9.3664405e+00
   1.0914822e+01   9.2748311e+00
   1.1871070e+01   8.5359892e+00
   8.9588973e+00   1.0461625e+01
   7.2352653e+00   1.1372686e+01
   7.9744508e+00   1.1002825e+01
   1.3307357e+01   5.8087555e+00
   1.2490103e+01   6.8484566e+00
   7.8572022e+00   1.1101807e+01
   1.3443565e+01   6.5576298e+00
   8.5425980e+00   9.9083878e+00
   1.1442353e+01   7.0959828e+00
   9.5068369e+00   8.1836894e+00
   1.2455578e+01   5.9987009e+00
   1.0684773e+01   8.7305729e+00
   9.5930472e+00   8.6307396e+00
   1.3336291e+01   8.5167383e+00
   8.9417990e+00   8.0615651e+00
   1.1512442e+01   9.4166321e+00
   1.0846641e+01   8.8804522e+00
   8.6362891e+00   8.7635943e+00
   7.8206889e+00   1.1878098e+01
   1.2163886e+01   1.0279019e+01
   1.2601512e+01   5.4097463e+00
   1.3306595e+01   5.8646708e+00
   6.9663773e+00   1.1239978e+01
   8.6376913e+00   8.1897525e+00
   1.0118551e+01   9.2447446e+00
   9.0199360e+00   9.6936154e+00
   1.0458298e+01   9.9152616e+00
   1.0520468e+01   9.1528155e+00
   1.0334457e+01   9.0918610e+00
   1.0862703e+01   6.9853853e+00
   6.1998805e+00   1.2079552e+01
   1.0286372e+01   1.0069229e+01
   1.1003118e+01   9.4154965e+00
   1.1874545e+01   8.7448245e+00
   1.2088927e+01   7.7600202e+00
   9.1741804e+00   1.0280438e+01
   5.9614375e+00   1.2043676e+01
   1.2498346e+01   8.2500607e+00
   8.0048477e+00   1.2839005e+01
   1.0010945e+01   8.3161212e+00
   1.0655197e+01   8.6726557e+00
   1.1335222e+01   1.0377012e+01
   8.6398619e+00   6.7719351e+00
   9.9366132e+00   7.4371389e+00
   9.0191699e+00   1.0165817e+01
   7.8213951e+00   8.8640719e+00
   1.1564993e+01   5.9651744e+00
   1.3587376e+01   5.8787233e+00
   8.9753773e+00   7.3811073e+00
   7.7919382e+00   1.1961231e+01
   1.0248759e+01   9.9175409e+00
   1.0136294e+01   9.5609979e+00
   1.1052715e+01   6.3490904e+00
   1.0961349e+01   9.7243730e+00
   6.2237573e+00   1.2649507e+01
   9.4840178e+00   7.2617091e+00
   4.9207011e+00   1.3528993e+01
   1.1270753e+01   7.7492557e+00
   8.1951504e+00   1.2199150e+01
   8.3573432e+00   9.4965235e+00
   1.2984241e+01   7.8632052e+00
   1.2573393e+01   7.1673285e+00
   8.8968182e+00   1.0190812e+01
   9.6593316e+00   1.0360062e+01
   9.3672511e+00   9.9872581e+00
   1.1544033e+01   7.0458659e+00
   1.1696931e+01   7.3119841e+00
   9.1947139e+00   1.2570810e+01
   7.4046202e+00   1.1293588e+01
   1.2555641e+01   7.8408874e+00
   1.0541216e+01   9.9280497e+00
   1.0844178e+01   7.7430312e+00
   1.1992986e+01   8.7484345e+00
   8.6981557e+00   1.0932992e+01
   7.3425936e+00   1.2371185e+01
   9.5240543e+00   9.6017864e+00
   8.2652593e+00   1.1027821e+01
   7.9725880e+00   1.0327686e+01
   7.8461213e+00   1.0958657e+01
   9.5087342e+00   1.0438318e+01
   1.4959902e+01   7.3529511e+00
   8.2335591e+00   1.1209487e+01
   9.3605684e+00   8.5636445e+00
   7.0580111e+00   1.0654869e+01
   1.1036245e+01   9.1072639e+00
   1.1782686e+01   6.7304914e+00
   1.0651349e+01   9.1130385e+00
   7.6503232e+00   1.1423031e+01
   1.0422276e+01   9.5474425e+00
   1.0253574e+01   9.8981396e+00
   8.8970983e+00   1.1137669e+01
   1.2457545e+01   7.3320668e+00
   9.2289342e+00   8.5160320e+00
   7.4150451e+00   1.0502249e+01
   1.0589888e+01   8.1526859e+00
   7.9007793e+00   8.2284757e+00
   7.9370043e+00   9.9857947e+00
   1.0739266e+01   6.9335678e+00
   7.6268304e+00   8.4795212e+00
   1.0115371e+01   9.8149815e+00
   9.0876515e+00   1.1210155e+01
   8.8691106e+00   1.0097047e+01
   1.0539220e+01   9.6386858e+00
   1.3544494e+01   7.0664858e+00
   9.8438938e+00   1.1538510e+01
   9.7799449e+00   9.8895258e+00
   9.5732129e+00   8.7510016e+00
   9.7625474e+00   8.9076160e+00
   1.1436939e+01   1.1179565e+01
   6.9498688e+00   1.0490269e+01
   8.0411765e+00   9.9898296e+00
   7.6723601e+00   1.0341685e+01
   4.8873306e+00   1.0157591e+01
   1.1611781e+01   9.0132014e+00
   1.1344512e+01   6.2034396e+00
   1.0711270e+01   8.0797949e+00
   1.0379421e+01   8.8692162e+00
   7.1360574e+00   1.0957362e+01
   1.3836566e+01   6.4219192e+00
   8.5727149e+00   9.7457807e+00
   8.9741364e+00   1.0888090e+01
   8.7725231e+00   1.0305782e+01
   9.8512260e+00   1.0123264e+01
   8.7215738e+00   8.0217434e+00
   1.0546030e+01   9.5894089e+00
   8.0840474e+00   1.2089641e+01
   8.3239307e+00   1.2794865e+01
   7.9847924e+00   1.2724689e+01
   1.3160371e+01   4.8108637e+00
   4.2995042e+00   1.4862838e+01
   1.2245077e+01   8.4976667e+00
   8.0871100e+00   1.1435179e+01
   8.7209437e+00   1.0155444e+01
   1.0721518e+01   7.1909560e+00
   8.1126094e+00   1.2140302e+01
   1.0346185e+01   8.4045429e+00
   8.8256925e+00   9.4915603e+00
   7.5274344e+00   1.1095877e+01
   1.1001319e+01   1.0183035e+01
   1.0280724e+01   7.7710673e+00
   8.1848818e+00   9.9334486e+00
   1.0459024e+01   1.0458567e+01
   8.8121812e+00   1.0995611e+01
   9.2096416e+00   8.0665464e+00
   7.3105600e+00   1.1568721e+01
   1.2333091e+01   6.7579206e+00
   9.9998799e+00   5.4470496e+00
   9.1861869e+00   1.0517494e+01
   6.2520171e+00   1.3278742e+01
   7.1933014e+00   1.1069959e+01
   9.0754365e+00   1.0636001e+01
   8.2376367e+00   1.0184115e+01
   1.0654276e+01   8.7129721e+00
   8.6677313e+00   9.5423408e+00
   1.1426673e+01   7.0624413e+00
   7.5210381e+00   1.0151257e+01
   7.7889970e+00   9.6672732e+00
   9.6783558e+00   7.9737190e+00
   1.3070453e+01   7.7623970e+00
   5.1901774e+00   9.6745793e+00
   8.5683759e+00   1.0266629e+01
   9.8764340e+00   8.5368980e+00
   1.0162431e+01   9.1214850e+00
   8.3461430e+00   1.2140362e+01
   9.0225756e+00   1.2573425e+01
   1.1334940e+01   8.1956521e+00
   1.1413107e+01   7.7249274e+00
   1.0572415e+01   7.6506314e+00
   7.5646039e+00   9.6913004e+00
   1.2977619e+01   6.6453488e+00
   8.0484562e+00   9.9919404e+00
   1.2080022e+01   7.1839039e+00
   1.1298792e+01   8.1410209e+00
   1.0331890e+01   9.8192514e+00
   7.5783733e+00   9.8344153e+00
   8.6257074e+00   8.9223530e+00
   8.1749955e+00   8.3171883e+00
   6.3269465e+00   1.3554674e+01
   1.1494229e+01   6.4588106e+00
   1.0892661e+01   8.4648631e+00
   1.4380285e+01   3.9489087e+00
   1.0255099e+01   8.1284586e+00
   1.1392798e+01   1.2030325e+01
   9.3332245e+00   7.9597681e+00
   8.0833130e+00   1.0576345e+01
   9.2545301e+00   1.0756462e+01
   1.1131740e+01   7.9807492e+00
   9.3706228e+00   9.0321308e+00
   1.2215773e+01   8.5944258e+00
   8.2844580e+00   1.1578150e+01
   1.0494161e+01   7.0695939e+00
   8.4797052e+00   1.0014702e+01
   8.6578030e+00   1.0100259e+01
   9.0359395e+00   1.2439478e+01
   7.9090121e+00   1.0071451e+01
   8.4206247e+00   8.8049558e+00
   8.7073081e+00   9.2368546e+00
   9.1439619e+00   1.1417325e+01
   9.5992308e+00   8.7135364e+00
   7.9807002e+00   1.0661565e+01
   1.2056274e+01   5.8930825e+00
   4.8224455e+00   1.4346931e+01
   9.8837599e+00   1.0655199e+01
   1.2456846e+01   7.8976632e+00
   1.1306482e+01  -7.4402749e+00
   1.1949842e+01  -7.2601258e+00
   1.3506739e+01  -6.5847331e+00
   1.3962941e+01  -7.9161974e+00
   6.2473814e+00  -7.6177843e+00
   1.0659650e+01  -7.3186037e+00
   8.3557584e+00  -9.1824418e+00
   1.0001965e+01  -7.8026453e+00
   1.3630171e+01  -6.8048835e+00
   1.1332051e+01  -8.1398214e+00
   1.2081872e+01  -7.9606098e+00
   1.2060791e+01  -1.0564848e+01
   1.1063879e+01  -6.7597933e+00
   1.2098655e+01  -7.4494158e+00
   1.3078087e+01  -8.6586175e+00
   1.0995314e+01  -1.0153626e+01
   7.6928822e+00  -8.1868869e+00
   1.1863230e+01  -9.9279831e+00
   1.2487781e+01  -7.8028441e+00
   1.4536441e+01  -7.9044123e+00
   1.3221858e+01  -9.3693508e+00
   9.1658528e+00  -8.5575022e+00
   7.8619677e+00  -9.5995364e+00
   1.0238628e+01  -8.3411348e+00
   6.1449211e+00  -8.5135136e+00
   1.1504456e+01  -8.2705603e+00
   8.8437194e+00  -6.1148087e+00
   1.0697521e+01  -7.7859419e+00
   1.2512081e+01  -8.5853337e+00
   1.1460214e+01  -8.6853201e+00
   1.0893889e+01  -7.8630832e+00
   1.1574481e+01  -8.8943412e+00
   1.0289310e+01  -9.3973935e+00
   1.2367316e+01  -7.4417005e+00
   9.1270944e+00  -7.3944158e+00
   1.3737331e+01  -6.5235734e+00
   6.9534013e+00  -5.3124692e+00
   7.8170889e+00  -8.2112096e+00
   1.0781349e+01  -8.5178542e+00
   1.0087273e+01  -8.2741190e+00
   1.1105488e+01  -8.1278348e+00
   9.4874977e+00  -1.0236609e+01
   1.0159790e+01  -7.9815609e+00
   1.2926654e+01  -7.8464233e+00
   1.0404403e+01  -6.9994603e+00
   9.0923137e+00  -8.3002533e+00
   9.9305445e+00  -6.6856181e+00
   9.4513458e+00  -7.2551320e+00
   1.2577407e+01  -9.1307232e+00
   8.3196551e+00  -7.0679810e+00
   1.4310772e+01  -8.2522420e+00
   9.8786642e+00  -8.7894112e+00
   9.2233924e+00  -6.8562807e+00
   6.1076054e+00  -9.6986284e+00
   9.4707539e+00  -7.5891275e+00
   1.0091519e+01  -8.2800163e+00
   1.1253751e+01  -9.6830764e+00
   1.1120614e+01  -7.6677819e+00
   1.2616734e+01  -6.8047307e+00
   9.5974162e+00  -8.2765276e+00
   1.0819372e+01  -8.1668377e+00
   9.3856522e+00  -7.3180239e+00
   1.2570193e+01  -8.3980858e+00
   1.0343391e+01  -7.5270344e+00
   1.1229096e+01  -7.5107152e+00
   1.3177029e+01  -6.3466132e+00
   1.2885012e+01  -8.8384032e+00
   9.8211061e+00  -5.2801062e+00
   1.4385883e+01  -7.8996325e+00
   1.4410481e+01  -6.9858223e+00
   1.1311442e+01  -1.0162378e+01
   1.0804603e+01  -6.9480530e+00
   1.1229575e+01  -7.5292715e+00
   1.4135384e+01  -9.2356683e+00
   7.7969535e+00  -7.7022360e+00
   1.5121458e+01  -7.2296442e+00
   1.0810954e+01  -9.5794091e+00
   7.7932214e+00  -7.2958361e+00
   6.3149676e+00  -8.0679805e+00
   1.2238663e+01  -8.2268544e+00
   1.3208035e+01  -6.7930137e+00
   1.0466203e+01  -8.5561751e+00
   1.1392794e+01  -7.2900201e+00
   9.1790757e+00  -6.7457663e+00
   9.0540379e+00  -8.3905494e+00
   1.0583477e+01  -1.0615329e+01
   1.4845308e+01  -7.4869148e+00
   1.1813675e+01  -9.0528185e+00
   1.5017007e+01  -7.3171436e+00
   9.8961549e+00  -7.8060453e+00
   6.3098096e+00  -8.2044552e+00
   1.3417869e+01  -7.9150909e+00
   1.3462913e+01  -5.7630884e+00
   8.6985782e+00  -6.3054142e+00
   1.2129997e+01  -7.8367415e+00
   9.6203210e+00  -7.6232486e+00
   1.5560879e+01  -7.7726626e+00
   1.3407753e+01  -5.7528438e+00
   1.2606102e+01  -6.8580814e+00
   8.1053991e+00  -9.2826156e+00
   1.1155859e+01  -8.3881732e+00
   1.2146961e+01  -8.2821481e+00
   7.8837802e+00  -8.6710437e+00
   1.0619359e+01  -8.8675369e+00
   7.5470260e+00  -7.4578563e+00
   1.0401092e+01  -7.3488464e+00
   1.1170524e+01  -7.9581518e+00
   1.5722015e+01  -8.6705040e+00
   9.7441412e+00  -8.9457537e+00
   1.5035204e+01  -9.5367121e+00
   1.1263485e+01  -8.4319311e+00
   1.0657955e+01  -8.6089183e+00
   9.4840647e+00  -7.5657586e+00
   1.1764126e+01  -8.3342594e+00
   1.0637570e+01  -7.4878980e+00
   1.1411851e+01  -8.2504382e+00
   1.2701634e+01  -5.0327382e+00
   1.2808348e+01  -8.1178999e+00
   1.0026318e+01  -8.2184376e+00
   1.3974452e+01  -7.7802340e+00
   8.9321997e+00  -8.0550389e+00
   1.0272284e+01  -7.7199172e+00
   9.3632728e+00  -7.9764061e+00
   1.3681898e+01  -8.4494415e+00
   1.2191262e+01  -7.5543168e+00
   1.0161984e+01  -7.7324299e+00
   1.2086887e+01  -7.7997574e+00
   6.6457249e+00  -7.0020189e+00
   1.0720103e+01  -6.9584779e+00
   1.0776547e+01  -5.5364745e+00
   1.1387545e+01  -7.5477664e+00
   1.2130403e+01  -8.2261590e+00
   9.7785790e+00  -7.0132053e+00
   1.2560031e+01  -6.5387074e+00
   1.2799500e+01  -8.2778005e+00
   1.1965216e+01  -8.6414994e+00
   1.3147759e+01  -8.9043297e+00
   1.4005409e+01  -7.8829880e+00
   1.4884575e+01  -6.9857839e+00
   8.5320597e+00  -6.1947926e+00
   1.0323519e+01  -7.1518642e+00
   1.0014087e+01  -8.4987090e+00
   1.1955747e+01  -7.4018509e+00
   1.3137714e+01  -7.8478537e+00
   7.3211744e+00  -8.8935944e+00
   1.3328724e+01  -7.5162728e+00
   1.2570090e+01  -9.2539791e+00
   1.2081458e+01  -7.6091698e+00
   1.0852559e+01  -7.5843578e+00
   1.2994669e+01  -7.3338827e+00
   1.1627991e+01  -7.3624129e+00
   1.1515307e+01  -8.8475031e+00
   1.7188103e+01  -6.5042062e+00
   9.5404391e+00  -9.3581596e+00
   1.0908110e+01  -6.5013530e+00
   7.9044481e+00  -9.3722374e+00
   1.2778147e+01  -9.1769281e+00
   1.1672883e+01  -7.6628159e+00
   1.1439497e+01  -7.5920052e+00
   7.3753422e+00  -7.5003973e+00
   1.1241098e+01  -8.1114951e+00
   1.1303935e+01  -8.2156080e+00
   1.3558848e+01  -8.3419836e+00
   1.3829370e+01  -9.8843628e+00
   9.9293542e+00  -8.7241030e+00
   1.2968340e+01  -9.2728219e+00
   8.9091246e+00  -7.6786343e+00
   9.9646357e+00  -8.0651126e+00
   9.8596868e+00  -7.3658937e+00
   1.2452761e+01  -9.0047531e+00
   8.3758475e+00  -8.1629112e+00
   1.1338464e+01  -8.2449095e+00
   1.0805548e+01  -4.7621737e+00
   1.3695145e+01  -7.1315556e+00
   7.2599450e+00  -8.9180419e+00
   1.1473214e+01  -6.8843606e+00
   9.7299329e+00  -7.3284579e+00
   9.5603955e+00  -7.8496450e+00
   9.8815908e+00  -9.7563832e+00
   8.7117068e+00  -8.2813443e+00
   9.2511296e+00  -8.8567281e+00
   1.1518758e+01  -1.0010396e+01
   6.9944414e+00  -7.8665048e+00
   1.3852021e+01  -7.0895130e+00
   1.2445238e+01  -7.3395676e+00
   7.9496150e+00  -7.3541746e+00
   1.0515644e+01  -7.8546371e+00
   5.1504642e+00  -6.7799687e+00
   1.2420357e+01  -7.4053714e+00
   1.0672575e+01  -8.3316697e+00
   1.1133123e+01  -7.3931206e+00
   8.7523452e+00  -8.8078387e+00
   1.2447265e+01  -9.3501776e+00
   9.5673140e+00  -8.9630553e+00
   1.2616786e+01  -9.1980054e+00
   1.2488366e+01  -8.7537620e+00
   8.8895038e+00  -7.6292741e+00
   6.2179233e+00  -7.2979071e+00
   1.1159844e+01  -8.5169667e+00
   1.3733255e+01  -8.5921598e+00
   1.0087742e+01  -7.6637366e+00
   1.0020075e+01  -8.5134255e+00
   1.3852904e+01  -8.9254242e+00
   8.4318876e+00  -5.4807575e+00
   1.0984072e+01  -7.1757517e+00
   7.8744803e+00  -9.0762148e+00
   1.1748334e+01  -7.5481619e+00
   1.1709795e+01  -7.2568231e+00
   7.3110062e+00  -8.6788342e+00
   1.1737611e+01  -9.6780421e+00
   1.1225018e+01  -7.2361550e+00
   8.9009229e+00  -7.1765524e+00
   1.2150856e+01  -8.8916303e+00
   1.0441480e+01  -6.8530469e+00
   8.3565945e+00  -7.1738267e+00
   1.3589011e+01  -7.8629319e+00
   1.0796610e+01  -9.2125784e+00
   1.2077405e+01  -8.1534746e+00
   1.1317687e+01  -1.0825572e+01
   1.4801292e+01  -6.7589867e+00
   1.0622108e+01  -7.8977563e+00
   1.2523466e+01  -6.6440683e+00
   6.8667859e+00  -7.1902976e+00
   9.9292180e+00  -8.2908783e+00
   1.5151248e+01  -9.3564977e+00
   1.0705406e+01  -5.7781865e+00
   1.0168625e+01  -9.6969546e+00
   7.5893965e+00  -7.6164244e+00
   9.3717929e+00  -6.6544404e+00
   9.2776465e+00  -8.5404321e+00
   1.0787213e+01  -7.1723281e+00
   1.3727434e+01  -8.6942573e+00
   1.3753789e+01  -6.7910133e+00
   9.8428713e+00  -9.3408434e+00
   1.0341316e+01  -8.2100699e+00
   1.1405443e+01  -8.1178570e+00
   8.2092093e+00  -8.8396362e+00
   6.9623240e+00  -9.5024435e+00
   1.0234230e+01  -7.9094857e+00
   1.1659110e+01  -9.6554402e+00
   1.0776758e+01  -9.9131587e+00
   1.4234327e+01  -7.9220529e+00
   1.2748008e+01  -8.4770102e+00
   1.1199953e+01  -6.5418749e+00
   1.1364521e+01  -7.3963672e+00
   1.5146808e+01  -7.4707533e+00
   1.0133557e+01  -6.9845616e+00
   9.6071098e+00  -7.7186436e+00
   7.5497182e+00  -6.0490131e+00
   1.2034780e+01  -6.7946734e+00
   1.2012113e+01  -9.8959146e+00
   1.2321815e+01  -7.7210499e+00
   1.1912037e+01  -8.1268877e+00
   9.7895105e+00  -8.6604725e+00
   1.0674550e+01  -8.8717604e+00
   9.7180586e+00  -9.5049196e+00
   8.8469043e+00  -7.7811013e+00
   1.0488655e+01  -7.5057352e+00
   1.0760606e+01  -7.3622475e+00
   9.6053090e+00  -6.6994959e+00
   1.0063209e+01  -9.8540886e+00
   1.1143320e+01  -8.0865921e+00
   8.6966135e+00  -6.8215761e+00
   1.0499829e+01  -7.8242480e+00
   1.2936622e+01  -8.3809421e+00
   1.2728493e+01  -8.5832712e+00
   1.4292205e+01  -7.2296285e+00
   1.1372472e+01  -8.5976546e+00
   9.1980151e+00  -9.5475118e+00
   1.0360062e+01  -7.8974727e+00
   1.0623288e+01  -8.8004683e+00
   1.1760321e+01  -7.0049558e+00
   9.7112433e+00  -1.1119384e+01
   1.0785817e+01  -9.2508307e+00
   1.1589239e+01  -7.3429304e+00
   1.5694975e+01  -6.9047087e+00
   1.0788148e+01  -9.6261769e+00
   9.4872191e+00  -8.1552730e+00
   9.3608491e+00  -9.5225909e+00
   1.0185196e+01  -6.6374160e+00
   1.5032380e+01  -7.3907599e+00
   9.9275447e+00  -8.1228680e+00
   1.2018756e+01  -7.7839334e+00
   1.0535832e+01  -7.2200737e+00
   1.3352808e+01  -7.6677356e+00
   1.2680087e+01  -8.1394709e+00
   1.1763738e+01  -8.6266687e+00
   1.6259764e+01  -8.9480331e+00
   7.4400111e+00  -8.2962829e+00
   9.1459031e+00  -7.5491779e+00
   9.0516180e+00  -8.3630075e+00
   1.3141723e+01  -8.1883353e+00
   1.0283066e+01  -8.2082190e+00
   1.1528492e+01  -7.5416144e+00
   1.1946849e+01  -7.1587881e+00
   1.2925510e+01  -7.0050588e+00
   1.0132400e+01  -7.7026459e+00
   8.6112591e+00  -8.2772204e+00
   9.2515672e+00  -8.0160682e+00
   1.5329320e+01  -7.9178961e+00
   1.4257206e+01  -7.7606023e+00
   9.1267268e+00  -8.0289852e+00
   1.4975597e+01  -7.2920483e+00
   1.0211461e+01  -8.3882116e+00
   1.3509378e+01  -8.3264462e+00
   1.1763920e+01  -8.9259378e+00
   1.4727880e+01  -8.3858830e+00
   1.2128258e+01  -7.7063062e+00
   1.1555589e+01  -8.5488656e+00
   1.3782570e+01  -5.9826037e+00
   1.1508203e+01  -9.4118348e+00
   1.2210016e+01  -6.6359387e+00
   1.2135180e+01  -7.4858674e+00
   1.0926500e+01  -9.1314533e+00
   8.6574537e+00  -7.5058829e+00
   1.2088228e+01  -5.5654988e+00
   1.5152168e+01  -8.6991459e+00
   1.5296597e+01  -7.8788967e+00
   8.5326354e+00  -8.5611913e+00
   1.1258618e+01  -9.5362292e+00
   1.1504492e+01  -7.7431115e+00
   1.0611051e+01  -8.2025497e+00
   1.1313522e+01  -7.0287469e+00
   1.1789615e+01  -7.5239167e+00
   1.1717413e+01  -7.6985479e+00
   1.3238570e+01  -8.8145248e+00
   7.6053699e+00  -8.5095180e+00
   1.1125368e+01  -7.0414459e+00
   1.1916614e+01  -6.9968879e+00
   1.2806945e+01  -6.8549327e+00
   1.3499296e+01  -7.3997034e+00
   1.0361302e+01  -7.6785359e+00
   7.4884181e+00  -8.7034911e+00
   1.3452749e+01  -6.7636894e+00
   8.2089979e+00  -6.6961991e+00
   1.1978507e+01  -8.4758362e+00
   1.2144621e+01  -7.7681734e+00
   1.1553223e+01  -6.0821607e+00
   1.2078448e+01  -1.0537243e+01
   1.2443072e+01  -9.1499309e+00
   1.0337983e+01  -7.8691943e+00
   1.0398010e+01  -9.6366220e+00
   1.4233057e+01  -9.0393283e+00
   1.5450593e+01  -7.6704179e+00
   1.1920452e+01  -9.8692477e+00
   8.5928578e+00  -7.4674290e+00
   1.1191229e+01  -7.1753015e+00
   1.1332147e+01  -7.5069403e+00
   1.3715639e+01  -9.1300945e+00
   1.1714169e+01  -6.8080143e+00
   7.2900916e+00  -8.0896155e+00
   1.2283051e+01  -9.5940118e+00
   6.0300001e+00  -8.3891248e+00
   1.3033137e+01  -7.9858520e+00
   8.6882897e+00  -7.0140808e+00
   1.0342294e+01  -8.8104386e+00
   1.3956631e+01  -6.6936582e+00
   1.4121193e+01  -7.4762309e+00
   1.0252912e+01  -7.9380363e+00
   1.0595433e+01  -7.2791796e+00
   1.0642039e+01  -7.7493241e+00
   1.3597018e+01  -8.2899853e+00
   1.3531650e+01  -7.9936960e+00
   9.0508100e+00  -6.0444793e+00
   8.7547032e+00  -8.2133988e+00
   1.3722064e+01  -7.0125053e+00
   1.1354011e+01  -6.9610726e+00
   1.2790448e+01  -8.2918874e+00
   1.2873243e+01  -6.7686294e+00
   9.7097165e+00  -7.5537110e+00
   8.0967413e+00  -7.4952822e+00
   1.0955121e+01  -7.9110172e+00
   9.4050340e+00  -7.7927606e+00
   9.6402835e+00  -8.4947809e+00
   9.2029766e+00  -8.1380425e+00
   1.0463305e+01  -7.3303330e+00
   1.5391875e+01  -5.6574590e+00
   9.2818470e+00  -7.6867188e+00
   1.1460104e+01  -8.7606964e+00
   8.9233531e+00  -8.9101312e+00
   1.2113698e+01  -7.1914172e+00
   1.3916886e+01  -8.3442353e+00
   1.1888144e+01  -7.4594965e+00
   8.8218263e+00  -7.9481309e+00
   1.1505085e+01  -7.3143053e+00
   1.1205210e+01  -7.1856152e+00
   9.7064059e+00  -7.2683091e+00
   1.3959196e+01  -7.4416600e+00
   1.1411594e+01  -8.8874429e+00
   9.2176017e+00  -8.7655883e+00
   1.2407119e+01  -8.1820280e+00
   1.0810804e+01  -1.0029923e+01
   9.8171303e+00  -8.7616962e+00
   1.3197221e+01  -8.9384484e+00
   1.0507699e+01  -1.0046118e+01
   1.1173430e+01  -7.3421415e+00
   9.7745718e+00  -7.0823120e+00
   1.0291051e+01  -8.0239304e+00
   1.1519924e+01  -7.1670950e+00
   1.4740080e+01  -6.8608650e+00
   1.0021613e+01  -6.3153862e+00
   1.0936733e+01  -7.5266127e+00
   1.1474704e+01  -8.4778525e+00
   1.1493595e+01  -8.2332297e+00
   1.1148595e+01  -5.4427456e+00
   8.9559487e+00  -9.1029888e+00
   9.8749446e+00  -8.6851822e+00
   9.4588642e+00  -8.6971751e+00
   7.9572137e+00  -1.0796663e+01
   1.2500291e+01  -6.8509637e+00
   1.3968200e+01  -9.0267531e+00
   1.2519283e+01  -8.1477394e+00
   1.1871917e+01  -7.8241866e+00
   8.7937687e+00  -8.6410491e+00
   1.5280848e+01  -7.1101165e+00
   1.0322730e+01  -8.4818964e+00
   9.8949781e+00  -7.3903136e+00
   1.0114773e+01  -7.9446300e+00
   1.0842939e+01  -7.3109315e+00
   1.1404047e+01  -9.5957157e+00
   1.1552305e+01  -7.1971238e+00
   8.6873693e+00  -7.1700767e+00
   8.4187049e+00  -6.5017852e+00
   8.2634193e+00  -6.7912140e+00
   1.5820590e+01  -8.7274472e+00
   4.9012561e+00  -7.8852065e+00
   1.3163568e+01  -6.7676940e+00
   9.0669915e+00  -7.6306859e+00
   1.0171791e+01  -8.0874071e+00
   1.3038371e+01  -8.7689973e+00
   8.6746104e+00  -7.1140577e+00
   1.2121008e+01  -8.1762617e+00
   1.0615561e+01  -8.4827751e+00
   8.9397588e+00  -8.2663591e+00
   1.1472436e+01  -6.4554284e+00
   1.2448951e+01  -8.6704845e+00
   9.9904645e+00  -8.6234345e+00
   1.1000264e+01  -6.6440587e+00
   9.7393963e+00  -7.4288048e+00
   1.1659966e+01  -9.2189192e+00
   8.5415497e+00  -8.0853613e+00
   1.4218826e+01  -7.9356453e+00
   1.3628578e+01  -1.0512400e+01
   1.0231369e+01  -7.5024222e+00
   6.9431187e+00  -7.6246968e+00
   8.7618108e+00  -8.5209537e+00
   1.0099008e+01  -7.4969380e+00
   9.8762001e+00  -8.4088832e+00
   1.2120812e+01  -7.7403161e+00
   1.0495044e+01  -8.5585634e+00
   1.3519690e+01  -8.3612508e+00
   9.4814423e+00  -8.9388290e+00
   9.9155768e+00  -9.0915818e+00
   1.1984173e+01  -8.9531271e+00
   1.4064607e+01  -6.7039795e+00
   8.4109294e+00  -1.0924059e+01
   1.0019513e+01  -8.1166690e+00
   1.1773382e+01  -8.4148369e+00
   1.1600990e+01  -7.7992411e+00
   8.8094065e+00  -6.9488821e+00
   8.9499160e+00  -6.1643502e+00
   1.2812469e+01  -7.6248147e+00
   1.3129371e+01  -7.9023951e+00
   1.2686893e+01  -8.5493890e+00
   9.7721512e+00  -9.2332619e+00
   1.4655938e+01  -7.5594952e+00
   9.8779289e+00  -8.6785421e+00
   1.3826775e+01  -7.8133761e+00
   1.2823140e+01  -7.6890055e+00
   1.1295972e+01  -7.1860202e+00
   9.6974735e+00  -9.1223279e+00
   1.0828732e+01  -9.0266764e+00
   1.0917905e+01  -9.7732938e+00
   6.8270696e+00  -7.3766001e+00
   1.3907200e+01  -8.7403128e+00
   1.2401690e+01  -7.7471921e+00
   1.7022558e+01  -8.4743317e+00
   1.2227817e+01  -8.4358903e+00
   1.0631923e+01  -4.8723799e+00
   1.1792965e+01  -9.2070365e+00
   9.5606471e+00  -8.2406580e+00
   1.0132859e+01  -7.2851203e+00
   1.2819225e+01  -7.9204582e+00
   1.1195428e+01  -8.4223170e+00
   1.3090786e+01  -6.7199962e+00
   9.0983860e+00  -7.3900440e+00
   1.2977175e+01  -9.0155789e+00
   1.0113769e+01  -8.3575081e+00
   1.0167198e+01  -8.1710761e+00
   9.0349659e+00  -6.2496153e+00
   9.7515155e+00  -8.7209217e+00
   1.0778106e+01  -9.2547041e+00
   1.0694266e+01  -8.7465897e+00
   9.6874733e+00  -6.8960035e+00
   1.1511356e+01  -8.4859469e+00
   9.4522021e+00  -8.2529568e+00
   1.4558321e+01  -8.7429168e+00
   5.5010356e+00  -7.8802326e+00
   1.0554609e+01  -6.9117915e+00
   1.3632245e+01  -7.0422176e+00
