320.312500 1492.187500 
265.625000 2335.937500 
285.156250 2281.250000 
238.281250 2402.343750 
261.718750 2343.750000 
230.468750 1820.312500 
277.343750 1886.718750 
265.625000 2378.906250 
296.875000 2378.906250 
289.062500 1898.437500 
292.968750 2343.750000 
339.843750 2257.812500 
250.000000 2328.125000 
308.593750 2433.593750 
261.718750 2339.843750 
277.343750 2382.812500 
242.187500 2347.656250 
234.375000 2386.718750 
246.093750 2363.281250 
257.812500 2363.281250 
277.343750 2371.093750 
261.718750 2359.375000 
269.531250 2367.187500 
261.718750 2367.187500 
273.437500 2375.000000 
269.531250 2378.906250 
261.718750 2378.906250 
261.718750 2378.906250 
238.281250 2375.000000 
300.781250 2363.281250 
261.718750 2375.000000 
277.343750 2375.000000 
269.531250 2382.812500 
261.718750 2382.812500 
257.812500 2398.437500 
265.625000 2390.625000 
269.531250 2398.437500 
265.625000 2390.625000 
250.000000 2390.625000 
277.343750 2382.812500 
261.718750 2386.718750 
257.812500 2378.906250 
261.718750 2375.000000 
269.531250 2375.000000 
253.906250 2371.093750 
265.625000 2375.000000 
269.531250 2371.093750 
253.906250 2367.187500 
277.343750 2382.812500 
257.812500 2359.375000 
265.625000 2371.093750 
265.625000 2371.093750 
265.625000 2371.093750 
265.625000 2371.093750 
261.718750 2363.281250 
261.718750 2363.281250 
265.625000 2359.375000 
261.718750 2359.375000 
265.625000 2359.375000 
261.718750 2355.468750 
261.718750 2351.562500 
269.531250 2351.562500 
257.812500 2347.656250 
273.437500 2347.656250 
265.625000 2351.562500 
257.812500 2351.562500 
265.625000 2351.562500 
253.906250 2355.468750 
257.812500 2363.281250 
269.531250 2359.375000 
261.718750 2355.468750 
261.718750 2351.562500 
265.625000 2355.468750 
265.625000 2347.656250 
269.531250 2359.375000 
261.718750 2355.468750 
265.625000 2351.562500 
261.718750 2343.750000 
261.718750 2347.656250 
261.718750 2343.750000 
265.625000 2343.750000 
261.718750 2335.937500 
261.718750 2335.937500 
261.718750 2332.031250 
261.718750 2328.125000 
257.812500 2335.937500 
265.625000 2339.843750 
261.718750 2355.468750 
273.437500 2351.562500 
261.718750 2347.656250 
277.343750 2339.843750 
261.718750 2332.031250 
257.812500 2339.843750 
253.906250 2320.312500 
257.812500 2324.218750 
253.906250 2312.500000 
281.250000 2312.500000 
253.906250 2324.218750 
273.437500 2324.218750 
273.437500 2308.593750 
269.531250 2300.781250 
257.812500 2289.062500 
304.687500 2281.250000 
253.906250 2300.781250 
273.437500 2281.250000 
281.250000 2281.250000 
289.062500 2277.343750 
289.062500 2242.187500 
253.906250 2257.812500 
261.718750 2265.625000 
3.906250 2300.781250 
265.625000 2273.437500 
3.906250 2320.312500 
277.343750 2261.718750 
3.906250 2332.031250 
355.468750 2480.468750 
281.250000 2253.906250 
335.937500 2339.843750 
285.156250 2191.406250 
289.062500 2269.531250 
781.250000 2277.343750 
347.656250 2179.687500 
281.250000 2144.531250 
343.750000 2132.812500 
285.156250 2160.156250 
312.500000 2160.156250 
285.156250 2156.250000 
296.875000 2132.812500 
289.062500 2175.781250 
312.500000 2179.687500 
296.875000 2183.593750 
320.312500 2175.781250 
312.500000 2179.687500 
304.687500 2187.500000 
300.781250 2195.312500 
300.781250 2191.406250 
296.875000 2199.218750 
300.781250 2199.218750 
296.875000 2199.218750 
296.875000 2195.312500 
347.656250 2183.593750 
300.781250 2199.218750 
300.781250 2203.125000 
300.781250 2203.125000 
296.875000 2214.843750 
304.687500 2218.750000 
296.875000 2210.937500 
296.875000 2226.562500 
300.781250 2226.562500 
304.687500 2234.375000 
300.781250 2226.562500 
300.781250 2234.375000 
300.781250 2234.375000 
296.875000 2230.468750 
289.062500 2234.375000 
304.687500 2238.281250 
285.156250 2230.468750 
292.968750 2234.375000 
292.968750 2242.187500 
300.781250 2242.187500 
300.781250 2242.187500 
304.687500 2250.000000 
304.687500 2253.906250 
296.875000 2253.906250 
300.781250 2253.906250 
304.687500 2253.906250 
304.687500 2257.812500 
289.062500 2253.906250 
300.781250 2253.906250 
289.062500 2246.093750 
312.500000 2253.906250 
292.968750 2250.000000 
312.500000 2257.812500 
324.218750 2246.093750 
308.593750 2257.812500 
285.156250 2246.093750 
312.500000 2250.000000 
289.062500 2250.000000 
300.781250 2253.906250 
296.875000 2246.093750 
304.687500 2246.093750 
300.781250 2238.281250 
304.687500 2242.187500 
296.875000 2230.468750 
320.312500 2234.375000 
312.500000 2214.843750 
308.593750 2214.843750 
304.687500 2210.937500 
304.687500 2207.031250 
289.062500 2160.156250 
312.500000 2132.812500 
164.062500 2066.406250 
316.406250 2097.656250 
324.218750 2101.562500 
320.312500 2105.468750 
316.406250 2117.187500 
320.312500 2125.000000 
312.500000 2140.625000 
324.218750 2144.531250 
328.125000 2140.625000 
320.312500 2140.625000 
316.406250 2140.625000 
312.500000 2140.625000 
320.312500 2148.437500 
324.218750 2148.437500 
328.125000 2144.531250 
324.218750 2148.437500 
324.218750 2152.343750 
324.218750 2156.250000 
328.125000 2152.343750 
320.312500 2164.062500 
324.218750 2156.250000 
324.218750 2175.781250 
324.218750 2175.781250 
328.125000 2164.062500 
324.218750 2171.875000 
320.312500 2175.781250 
320.312500 2175.781250 
316.406250 2175.781250 
320.312500 2179.687500 
335.937500 2179.687500 
324.218750 2187.500000 
328.125000 2191.406250 
328.125000 2191.406250 
324.218750 2191.406250 
316.406250 2187.500000 
320.312500 2191.406250 
324.218750 2195.312500 
320.312500 2199.218750 
320.312500 2203.125000 
320.312500 2199.218750 
320.312500 2195.312500 
320.312500 2199.218750 
316.406250 2199.218750 
320.312500 2199.218750 
320.312500 2203.125000 
320.312500 2203.125000 
316.406250 2203.125000 
320.312500 2203.125000 
312.500000 2203.125000 
320.312500 2203.125000 
320.312500 2207.031250 
316.406250 2203.125000 
316.406250 2203.125000 
320.312500 2199.218750 
312.500000 2203.125000 
316.406250 2199.218750 
320.312500 2195.312500 
316.406250 2199.218750 
312.500000 2195.312500 
316.406250 2199.218750 
316.406250 2199.218750 
316.406250 2199.218750 
320.312500 2199.218750 
324.218750 2203.125000 
316.406250 2203.125000 
312.500000 2203.125000 
339.843750 2203.125000 
316.406250 2203.125000 
312.500000 2207.031250 
308.593750 2210.937500 
308.593750 2214.843750 
324.218750 2218.750000 
324.218750 2222.656250 
316.406250 2226.562500 
324.218750 2222.656250 
320.312500 2222.656250 
324.218750 2226.562500 
320.312500 2230.468750 
332.031250 2234.375000 
328.125000 2230.468750 
332.031250 2226.562500 
347.656250 2226.562500 
328.125000 2210.937500 
335.937500 2207.031250 
339.843750 2191.406250 
347.656250 2179.687500 
347.656250 2148.437500 
363.281250 2121.093750 
382.812500 2101.562500 
394.531250 2031.250000 
343.750000 2019.531250 
164.062500 2078.125000 
324.218750 2023.437500 
320.312500 2031.250000 
339.843750 2042.968750 
339.843750 2046.875000 
324.218750 2050.781250 
328.125000 2066.406250 
351.562500 2074.218750 
355.468750 2078.125000 
312.500000 2082.031250 
363.281250 2105.468750 
328.125000 2105.468750 
343.750000 2117.187500 
332.031250 2132.812500 
324.218750 2140.625000 
316.406250 2140.625000 
308.593750 2140.625000 
304.687500 2140.625000 
320.312500 2144.531250 
324.218750 2152.343750 
324.218750 2160.156250 
320.312500 2167.968750 
320.312500 2160.156250 
324.218750 2164.062500 
320.312500 2164.062500 
312.500000 2164.062500 
308.593750 2160.156250 
316.406250 2156.250000 
312.500000 2156.250000 
320.312500 2160.156250 
312.500000 2156.250000 
335.937500 2160.156250 
320.312500 2160.156250 
332.031250 2167.968750 
324.218750 2167.968750 
328.125000 2179.687500 
332.031250 2179.687500 
328.125000 2187.500000 
332.031250 2191.406250 
332.031250 2195.312500 
328.125000 2195.312500 
332.031250 2195.312500 
328.125000 2195.312500 
328.125000 2199.218750 
332.031250 2199.218750 
328.125000 2203.125000 
332.031250 2199.218750 
328.125000 2199.218750 
328.125000 2199.218750 
328.125000 2199.218750 
328.125000 2199.218750 
324.218750 2195.312500 
332.031250 2195.312500 
328.125000 2195.312500 
332.031250 2195.312500 
328.125000 2191.406250 
339.843750 2195.312500 
332.031250 2195.312500 
339.843750 2199.218750 
332.031250 2199.218750 
347.656250 2203.125000 
339.843750 2203.125000 
335.937500 2203.125000 
339.843750 2203.125000 
332.031250 2199.218750 
332.031250 2199.218750 
332.031250 2199.218750 
335.937500 2203.125000 
328.125000 2199.218750 
335.937500 2203.125000 
335.937500 2207.031250 
339.843750 2207.031250 
343.750000 2207.031250 
351.562500 2207.031250 
351.562500 2207.031250 
351.562500 2207.031250 
367.187500 2203.125000 
339.843750 2191.406250 
347.656250 2199.218750 
363.281250 2207.031250 
375.000000 2203.125000 
371.093750 2195.312500 
355.468750 2195.312500 
367.187500 2171.875000 
355.468750 2160.156250 
371.093750 2140.625000 
363.281250 2113.281250 
378.906250 2093.750000 
359.375000 2105.468750 
398.437500 2121.093750 
343.750000 2117.187500 
375.000000 2140.625000 
343.750000 2125.000000 
343.750000 2125.000000 
339.843750 2132.812500 
339.843750 2140.625000 
343.750000 2140.625000 
335.937500 2144.531250 
335.937500 2152.343750 
335.937500 2156.250000 
339.843750 2152.343750 
343.750000 2152.343750 
339.843750 2152.343750 
351.562500 2152.343750 
339.843750 2152.343750 
343.750000 2152.343750 
347.656250 2164.062500 
335.937500 2164.062500 
335.937500 2164.062500 
343.750000 2164.062500 
351.562500 2160.156250 
339.843750 2164.062500 
332.031250 2160.156250 
332.031250 2156.250000 
335.937500 2160.156250 
335.937500 2160.156250 
347.656250 2164.062500 
339.843750 2164.062500 
343.750000 2164.062500 
343.750000 2167.968750 
343.750000 2171.875000 
351.562500 2171.875000 
355.468750 2167.968750 
351.562500 2175.781250 
347.656250 2179.687500 
351.562500 2179.687500 
351.562500 2183.593750 
359.375000 2179.687500 
359.375000 2179.687500 
355.468750 2179.687500 
359.375000 2183.593750 
359.375000 2183.593750 
359.375000 2179.687500 
363.281250 2183.593750 
371.093750 2187.500000 
359.375000 2187.500000 
359.375000 2183.593750 
371.093750 2179.687500 
363.281250 2183.593750 
359.375000 2183.593750 
359.375000 2183.593750 
363.281250 2183.593750 
363.281250 2183.593750 
367.187500 2187.500000 
359.375000 2187.500000 
359.375000 2187.500000 
371.093750 2183.593750 
363.281250 2183.593750 
375.000000 2183.593750 
363.281250 2183.593750 
363.281250 2183.593750 
359.375000 2183.593750 
367.187500 2187.500000 
363.281250 2183.593750 
363.281250 2183.593750 
363.281250 2179.687500 
371.093750 2179.687500 
367.187500 2179.687500 
367.187500 2179.687500 
363.281250 2179.687500 
375.000000 2179.687500 
367.187500 2179.687500 
394.531250 2179.687500 
390.625000 2179.687500 
363.281250 2187.500000 
363.281250 2195.312500 
367.187500 2199.218750 
367.187500 2207.031250 
367.187500 2210.937500 
375.000000 2210.937500 
375.000000 2203.125000 
375.000000 2195.312500 
359.375000 2187.500000 
371.093750 2199.218750 
371.093750 2207.031250 
367.187500 2199.218750 
355.468750 2195.312500 
398.437500 2210.937500 
371.093750 2195.312500 
382.812500 2203.125000 
375.000000 2199.218750 
371.093750 2191.406250 
382.812500 2187.500000 
382.812500 2183.593750 
375.000000 2148.437500 
328.125000 2105.468750 
320.312500 2160.156250 
308.593750 2171.875000 
312.500000 2164.062500 
312.500000 2164.062500 
308.593750 2175.781250 
312.500000 2175.781250 
308.593750 2171.875000 
304.687500 2167.968750 
308.593750 2171.875000 
300.781250 2179.687500 
308.593750 2183.593750 
300.781250 2187.500000 
304.687500 2183.593750 
312.500000 2183.593750 
296.875000 2179.687500 
304.687500 2175.781250 
304.687500 2175.781250 
320.312500 2183.593750 
308.593750 2183.593750 
316.406250 2183.593750 
328.125000 2195.312500 
316.406250 2199.218750 
316.406250 2195.312500 
316.406250 2187.500000 
316.406250 2183.593750 
324.218750 2179.687500 
324.218750 2191.406250 
328.125000 2191.406250 
332.031250 2187.500000 
335.937500 2187.500000 
328.125000 2191.406250 
339.843750 2187.500000 
332.031250 2191.406250 
343.750000 2191.406250 
343.750000 2191.406250 
328.125000 2191.406250 
332.031250 2191.406250 
335.937500 2191.406250 
328.125000 2191.406250 
320.312500 2191.406250 
324.218750 2195.312500 
347.656250 2199.218750 
332.031250 2195.312500 
324.218750 2191.406250 
351.562500 2191.406250 
343.750000 2195.312500 
339.843750 2191.406250 
339.843750 2191.406250 
343.750000 2187.500000 
339.843750 2191.406250 
339.843750 2191.406250 
343.750000 2195.312500 
335.937500 2195.312500 
335.937500 2199.218750 
339.843750 2203.125000 
335.937500 2210.937500 
343.750000 2210.937500 
339.843750 2210.937500 
339.843750 2214.843750 
339.843750 2214.843750 
355.468750 2218.750000 
347.656250 2222.656250 
351.562500 2222.656250 
347.656250 2222.656250 
347.656250 2222.656250 
351.562500 2226.562500 
371.093750 2222.656250 
363.281250 2226.562500 
359.375000 2226.562500 
355.468750 2226.562500 
359.375000 2226.562500 
359.375000 2230.468750 
359.375000 2230.468750 
359.375000 2230.468750 
359.375000 2230.468750 
359.375000 2226.562500 
359.375000 2230.468750 
359.375000 2234.375000 
359.375000 2238.281250 
359.375000 2230.468750 
363.281250 2230.468750 
359.375000 2230.468750 
359.375000 2226.562500 
363.281250 2230.468750 
363.281250 2226.562500 
363.281250 2226.562500 
363.281250 2226.562500 
363.281250 2226.562500 
363.281250 2226.562500 
363.281250 2226.562500 
359.375000 2226.562500 
363.281250 2226.562500 
363.281250 2230.468750 
359.375000 2230.468750 
355.468750 2230.468750 
355.468750 2234.375000 
359.375000 2234.375000 
363.281250 2230.468750 
363.281250 2230.468750 
359.375000 2234.375000 
359.375000 2234.375000 
359.375000 2230.468750 
355.468750 2226.562500 
347.656250 2218.750000 
359.375000 2218.750000 
355.468750 2214.843750 
343.750000 2226.562500 
355.468750 2234.375000 
363.281250 2226.562500 
351.562500 2214.843750 
367.187500 2222.656250 
378.906250 2218.750000 
375.000000 2214.843750 
367.187500 2203.125000 
371.093750 2187.500000 
375.000000 2175.781250 
394.531250 2148.437500 
382.812500 2097.656250 
2042.968750 2292.968750 
347.656250 2320.312500 
289.062500 2277.343750 
296.875000 2289.062500 
296.875000 2285.156250 
285.156250 2265.625000 
289.062500 2292.968750 
289.062500 2289.062500 
304.687500 2277.343750 
292.968750 2308.593750 
292.968750 2316.406250 
300.781250 2320.312500 
281.250000 2304.687500 
281.250000 2296.875000 
277.343750 2308.593750 
289.062500 2304.687500 
281.250000 2300.781250 
277.343750 2304.687500 
292.968750 2304.687500 
328.125000 2285.156250 
281.250000 2304.687500 
289.062500 2304.687500 
277.343750 2300.781250 
300.781250 2312.500000 
300.781250 2320.312500 
281.250000 2300.781250 
292.968750 2312.500000 
292.968750 2308.593750 
292.968750 2300.781250 
300.781250 2300.781250 
300.781250 2300.781250 
296.875000 2300.781250 
292.968750 2296.875000 
289.062500 2296.875000 
289.062500 2289.062500 
289.062500 2285.156250 
296.875000 2281.250000 
292.968750 2269.531250 
296.875000 2261.718750 
304.687500 2269.531250 
300.781250 2273.437500 
296.875000 2265.625000 
296.875000 2265.625000 
296.875000 2261.718750 
296.875000 2261.718750 
296.875000 2261.718750 
300.781250 2253.906250 
300.781250 2261.718750 
292.968750 2257.812500 
296.875000 2257.812500 
304.687500 2261.718750 
300.781250 2261.718750 
296.875000 2261.718750 
296.875000 2261.718750 
296.875000 2257.812500 
296.875000 2257.812500 
300.781250 2257.812500 
296.875000 2257.812500 
296.875000 2253.906250 
296.875000 2257.812500 
300.781250 2261.718750 
300.781250 2257.812500 
300.781250 2257.812500 
304.687500 2261.718750 
300.781250 2265.625000 
300.781250 2273.437500 
296.875000 2273.437500 
296.875000 2269.531250 
296.875000 2269.531250 
300.781250 2265.625000 
296.875000 2273.437500 
300.781250 2265.625000 
300.781250 2273.437500 
300.781250 2269.531250 
292.968750 2269.531250 
289.062500 2273.437500 
289.062500 2277.343750 
304.687500 2289.062500 
289.062500 2273.437500 
328.125000 2300.781250 
285.156250 2292.968750 
289.062500 2292.968750 
292.968750 2296.875000 
335.937500 2308.593750 
328.125000 2304.687500 
308.593750 2300.781250 
335.937500 2312.500000 
343.750000 2300.781250 
332.031250 2308.593750 
316.406250 2320.312500 
328.125000 2339.843750 
2062.500000 2359.375000 
214.843750 2261.718750 
312.500000 2296.875000 
277.343750 2300.781250 
269.531250 2308.593750 
273.437500 2296.875000 
265.625000 2296.875000 
277.343750 2296.875000 
292.968750 2296.875000 
308.593750 2296.875000 
304.687500 2296.875000 
296.875000 2292.968750 
312.500000 2304.687500 
292.968750 2296.875000 
308.593750 2300.781250 
292.968750 2292.968750 
273.437500 2289.062500 
285.156250 2285.156250 
312.500000 2300.781250 
269.531250 2289.062500 
277.343750 2300.781250 
281.250000 2292.968750 
281.250000 2292.968750 
281.250000 2296.875000 
289.062500 2300.781250 
332.031250 2316.406250 
289.062500 2296.875000 
285.156250 2292.968750 
292.968750 2300.781250 
304.687500 2300.781250 
265.625000 2292.968750 
269.531250 2285.156250 
304.687500 2300.781250 
265.625000 2285.156250 
289.062500 2285.156250 
261.718750 2289.062500 
328.125000 2300.781250 
308.593750 2300.781250 
269.531250 2292.968750 
285.156250 2292.968750 
261.718750 2289.062500 
277.343750 2292.968750 
273.437500 2292.968750 
273.437500 2289.062500 
277.343750 2292.968750 
289.062500 2296.875000 
273.437500 2292.968750 
281.250000 2296.875000 
316.406250 2296.875000 
273.437500 2296.875000 
277.343750 2296.875000 
281.250000 2296.875000 
277.343750 2308.593750 
277.343750 2308.593750 
277.343750 2308.593750 
304.687500 2312.500000 
378.906250 2289.062500 
292.968750 2308.593750 
285.156250 2312.500000 
285.156250 2312.500000 
292.968750 2308.593750 
292.968750 2304.687500 
289.062500 2296.875000 
289.062500 2296.875000 
300.781250 2296.875000 
308.593750 2296.875000 
296.875000 2296.875000 
300.781250 2289.062500 
296.875000 2292.968750 
296.875000 2292.968750 
300.781250 2289.062500 
300.781250 2289.062500 
296.875000 2289.062500 
304.687500 2289.062500 
304.687500 2285.156250 
304.687500 2289.062500 
300.781250 2285.156250 
304.687500 2285.156250 
304.687500 2285.156250 
300.781250 2281.250000 
296.875000 2281.250000 
300.781250 2273.437500 
300.781250 2273.437500 
292.968750 2273.437500 
292.968750 2273.437500 
296.875000 2273.437500 
296.875000 2277.343750 
292.968750 2273.437500 
304.687500 2273.437500 
324.218750 2265.625000 
296.875000 2261.718750 
296.875000 2261.718750 
328.125000 2257.812500 
343.750000 2257.812500 
300.781250 2261.718750 
355.468750 2253.906250 
300.781250 2257.812500 
292.968750 2250.000000 
308.593750 2250.000000 
296.875000 2242.187500 
296.875000 2238.281250 
292.968750 2246.093750 
300.781250 2257.812500 
304.687500 2261.718750 
300.781250 2265.625000 
304.687500 2265.625000 
324.218750 2285.156250 
316.406250 2285.156250 
300.781250 2292.968750 
312.500000 2296.875000 
320.312500 2285.156250 
347.656250 2281.250000 
339.843750 2324.218750 
335.937500 2316.406250 
402.343750 2203.125000 
351.562500 2371.093750 
210.937500 2304.687500 
312.500000 2152.343750 
269.531250 2289.062500 
304.687500 2312.500000 
296.875000 2308.593750 
324.218750 2312.500000 
296.875000 2308.593750 
273.437500 2296.875000 
257.812500 2304.687500 
324.218750 2316.406250 
273.437500 2308.593750 
296.875000 2316.406250 
281.250000 2320.312500 
296.875000 2324.218750 
339.843750 2339.843750 
320.312500 2335.937500 
265.625000 2324.218750 
269.531250 2332.031250 
351.562500 2343.750000 
347.656250 2347.656250 
292.968750 2335.937500 
289.062500 2335.937500 
300.781250 2339.843750 
339.843750 2343.750000 
289.062500 2289.062500 
273.437500 2343.750000 
312.500000 2343.750000 
332.031250 2347.656250 
285.156250 2335.937500 
269.531250 2339.843750 
265.625000 2335.937500 
265.625000 2339.843750 
265.625000 2339.843750 
324.218750 2339.843750 
289.062500 2335.937500 
273.437500 2328.125000 
265.625000 2332.031250 
335.937500 2335.937500 
265.625000 2332.031250 
312.500000 2332.031250 
328.125000 2332.031250 
269.531250 2328.125000 
296.875000 2324.218750 
328.125000 2324.218750 
312.500000 2312.500000 
285.156250 2304.687500 
292.968750 2304.687500 
304.687500 2304.687500 
308.593750 2300.781250 
292.968750 2296.875000 
289.062500 2296.875000 
292.968750 2292.968750 
292.968750 2292.968750 
285.156250 2285.156250 
285.156250 2285.156250 
277.343750 2277.343750 
277.343750 2281.250000 
273.437500 2277.343750 
300.781250 2281.250000 
308.593750 2285.156250 
304.687500 2281.250000 
312.500000 2285.156250 
277.343750 2281.250000 
281.250000 2285.156250 
292.968750 2285.156250 
300.781250 2289.062500 
304.687500 2289.062500 
300.781250 2289.062500 
292.968750 2289.062500 
292.968750 2289.062500 
300.781250 2289.062500 
300.781250 2289.062500 
292.968750 2285.156250 
308.593750 2289.062500 
296.875000 2289.062500 
320.312500 2296.875000 
308.593750 2296.875000 
316.406250 2300.781250 
285.156250 2300.781250 
312.500000 2300.781250 
296.875000 2300.781250 
285.156250 2300.781250 
285.156250 2300.781250 
324.218750 2300.781250 
308.593750 2296.875000 
289.062500 2296.875000 
281.250000 2300.781250 
339.843750 2300.781250 
320.312500 2292.968750 
300.781250 2289.062500 
289.062500 2289.062500 
324.218750 2292.968750 
296.875000 2289.062500 
316.406250 2289.062500 
304.687500 2285.156250 
300.781250 2285.156250 
289.062500 2277.343750 
289.062500 2277.343750 
285.156250 2269.531250 
347.656250 2273.437500 
351.562500 2277.343750 
351.562500 2277.343750 
281.250000 2265.625000 
300.781250 2269.531250 
347.656250 2289.062500 
359.375000 2289.062500 
316.406250 2285.156250 
343.750000 2292.968750 
335.937500 2300.781250 
324.218750 2300.781250 
320.312500 2308.593750 
355.468750 2312.500000 
316.406250 2328.125000 
335.937500 2339.843750 
347.656250 2363.281250 
332.031250 2339.843750 
359.375000 2339.843750 
417.968750 2347.656250 
320.312500 2261.718750 
320.312500 2312.500000 
296.875000 2257.812500 
316.406250 2277.343750 
332.031250 2265.625000 
292.968750 2230.468750 
335.937500 2261.718750 
312.500000 2289.062500 
285.156250 2292.968750 
281.250000 2304.687500 
292.968750 2296.875000 
378.906250 2281.250000 
265.625000 2296.875000 
285.156250 2296.875000 
296.875000 2292.968750 
273.437500 2292.968750 
273.437500 2281.250000 
304.687500 2285.156250 
320.312500 2285.156250 
277.343750 2277.343750 
273.437500 2281.250000 
292.968750 2281.250000 
332.031250 2292.968750 
300.781250 2285.156250 
335.937500 2304.687500 
339.843750 2304.687500 
277.343750 2300.781250 
285.156250 2289.062500 
289.062500 2296.875000 
296.875000 2292.968750 
308.593750 2304.687500 
304.687500 2300.781250 
335.937500 2312.500000 
281.250000 2304.687500 
277.343750 2304.687500 
324.218750 2312.500000 
296.875000 2308.593750 
281.250000 2300.781250 
324.218750 2320.312500 
292.968750 2304.687500 
339.843750 2320.312500 
289.062500 2308.593750 
328.125000 2316.406250 
285.156250 2304.687500 
324.218750 2308.593750 
289.062500 2304.687500 
320.312500 2308.593750 
289.062500 2304.687500 
304.687500 2300.781250 
335.937500 2308.593750 
343.750000 2308.593750 
347.656250 2312.500000 
308.593750 2300.781250 
324.218750 2296.875000 
320.312500 2296.875000 
308.593750 2292.968750 
316.406250 2289.062500 
308.593750 2285.156250 
300.781250 2281.250000 
304.687500 2277.343750 
316.406250 2273.437500 
289.062500 2265.625000 
332.031250 2273.437500 
339.843750 2273.437500 
312.500000 2273.437500 
320.312500 2273.437500 
296.875000 2265.625000 
304.687500 2265.625000 
312.500000 2269.531250 
304.687500 2265.625000 
312.500000 2265.625000 
316.406250 2269.531250 
316.406250 2269.531250 
316.406250 2273.437500 
316.406250 2273.437500 
316.406250 2269.531250 
308.593750 2265.625000 
335.937500 2265.625000 
347.656250 2273.437500 
328.125000 2265.625000 
359.375000 2265.625000 
328.125000 2269.531250 
363.281250 2269.531250 
324.218750 2273.437500 
328.125000 2269.531250 
332.031250 2269.531250 
339.843750 2269.531250 
312.500000 2269.531250 
320.312500 2277.343750 
312.500000 2273.437500 
320.312500 2273.437500 
316.406250 2273.437500 
316.406250 2273.437500 
312.500000 2277.343750 
300.781250 2281.250000 
335.937500 2285.156250 
343.750000 2289.062500 
347.656250 2289.062500 
312.500000 2281.250000 
316.406250 2281.250000 
320.312500 2281.250000 
328.125000 2281.250000 
320.312500 2277.343750 
312.500000 2277.343750 
308.593750 2269.531250 
304.687500 2269.531250 
316.406250 2269.531250 
308.593750 2269.531250 
312.500000 2269.531250 
304.687500 2265.625000 
355.468750 2269.531250 
320.312500 2269.531250 
343.750000 2269.531250 
312.500000 2269.531250 
312.500000 2273.437500 
316.406250 2277.343750 
328.125000 2281.250000 
316.406250 2281.250000 
332.031250 2285.156250 
343.750000 2285.156250 
355.468750 2285.156250 
316.406250 2277.343750 
367.187500 2277.343750 
363.281250 2289.062500 
359.375000 2292.968750 
355.468750 2281.250000 
355.468750 2296.875000 
359.375000 2304.687500 
363.281250 2292.968750 
355.468750 2304.687500 
296.875000 2234.375000 
292.968750 2257.812500 
285.156250 2269.531250 
316.406250 2253.906250 
316.406250 2253.906250 
320.312500 2253.906250 
332.031250 2246.093750 
347.656250 2265.625000 
425.781250 2234.375000 
347.656250 2269.531250 
285.156250 2269.531250 
289.062500 2277.343750 
402.343750 2253.906250 
296.875000 2214.843750 
414.062500 2265.625000 
410.156250 2265.625000 
289.062500 2281.250000 
277.343750 2289.062500 
273.437500 2289.062500 
339.843750 2296.875000 
324.218750 2296.875000 
289.062500 2289.062500 
281.250000 2289.062500 
351.562500 2308.593750 
265.625000 2292.968750 
347.656250 2304.687500 
335.937500 2296.875000 
328.125000 2296.875000 
320.312500 2296.875000 
308.593750 2289.062500 
328.125000 2289.062500 
265.625000 2277.343750 
285.156250 2273.437500 
261.718750 2273.437500 
273.437500 2269.531250 
316.406250 2281.250000 
265.625000 2273.437500 
289.062500 2277.343750 
335.937500 2285.156250 
269.531250 2269.531250 
304.687500 2277.343750 
265.625000 2265.625000 
273.437500 2273.437500 
261.718750 2265.625000 
285.156250 2273.437500 
316.406250 2281.250000 
265.625000 2281.250000 
343.750000 2285.156250 
269.531250 2281.250000 
335.937500 2281.250000 
308.593750 2269.531250 
292.968750 2265.625000 
308.593750 2257.812500 
300.781250 2253.906250 
304.687500 2246.093750 
277.343750 2242.187500 
289.062500 2234.375000 
339.843750 2238.281250 
320.312500 2234.375000 
273.437500 2226.562500 
308.593750 2230.468750 
339.843750 2238.281250 
289.062500 2230.468750 
328.125000 2238.281250 
281.250000 2230.468750 
332.031250 2234.375000 
285.156250 2222.656250 
320.312500 2234.375000 
343.750000 2238.281250 
281.250000 2226.562500 
343.750000 2238.281250 
289.062500 2226.562500 
343.750000 2238.281250 
335.937500 2234.375000 
335.937500 2230.468750 
308.593750 2234.375000 
347.656250 2230.468750 
308.593750 2218.750000 
312.500000 2218.750000 
328.125000 2214.843750 
332.031250 2214.843750 
339.843750 2222.656250 
304.687500 2207.031250 
335.937500 2210.937500 
316.406250 2210.937500 
371.093750 2195.312500 
335.937500 2214.843750 
312.500000 2207.031250 
312.500000 2203.125000 
312.500000 2199.218750 
308.593750 2199.218750 
304.687500 2199.218750 
296.875000 2199.218750 
296.875000 2203.125000 
332.031250 2210.937500 
339.843750 2210.937500 
289.062500 2195.312500 
292.968750 2195.312500 
296.875000 2199.218750 
308.593750 2203.125000 
296.875000 2203.125000 
296.875000 2203.125000 
343.750000 2207.031250 
351.562500 2210.937500 
359.375000 2210.937500 
343.750000 2199.218750 
308.593750 2203.125000 
328.125000 2210.937500 
304.687500 2207.031250 
308.593750 2207.031250 
308.593750 2207.031250 
304.687500 2203.125000 
304.687500 2203.125000 
304.687500 2207.031250 
308.593750 2210.937500 
367.187500 2230.468750 
441.406250 2207.031250 
371.093750 2234.375000 
335.937500 2234.375000 
367.187500 2253.906250 
285.156250 2218.750000 
312.500000 2222.656250 
289.062500 2191.406250 
316.406250 2191.406250 
312.500000 2214.843750 
347.656250 2187.500000 
296.875000 2207.031250 
304.687500 2210.937500 
300.781250 2222.656250 
300.781250 2226.562500 
296.875000 2242.187500 
300.781250 2226.562500 
304.687500 2195.312500 
332.031250 2218.750000 
289.062500 2261.718750 
292.968750 2253.906250 
289.062500 2269.531250 
296.875000 2285.156250 
296.875000 2289.062500 
324.218750 2277.343750 
300.781250 2308.593750 
320.312500 2292.968750 
296.875000 2304.687500 
296.875000 2304.687500 
296.875000 2296.875000 
285.156250 2289.062500 
312.500000 2292.968750 
300.781250 2320.312500 
308.593750 2304.687500 
304.687500 2312.500000 
300.781250 2328.125000 
300.781250 2332.031250 
300.781250 2332.031250 
320.312500 2320.312500 
292.968750 2332.031250 
300.781250 2335.937500 
308.593750 2332.031250 
300.781250 2332.031250 
316.406250 2312.500000 
304.687500 2324.218750 
304.687500 2312.500000 
320.312500 2308.593750 
308.593750 2324.218750 
304.687500 2320.312500 
308.593750 2324.218750 
308.593750 2320.312500 
324.218750 2304.687500 
308.593750 2312.500000 
335.937500 2300.781250 
312.500000 2308.593750 
312.500000 2300.781250 
324.218750 2300.781250 
316.406250 2300.781250 
312.500000 2304.687500 
320.312500 2324.218750 
324.218750 2320.312500 
316.406250 2304.687500 
320.312500 2296.875000 
324.218750 2308.593750 
328.125000 2296.875000 
320.312500 2304.687500 
312.500000 2304.687500 
320.312500 2300.781250 
316.406250 2316.406250 
347.656250 2285.156250 
320.312500 2300.781250 
316.406250 2312.500000 
320.312500 2332.031250 
320.312500 2332.031250 
324.218750 2320.312500 
316.406250 2316.406250 
316.406250 2320.312500 
316.406250 2308.593750 
320.312500 2332.031250 
347.656250 2312.500000 
316.406250 2316.406250 
312.500000 2335.937500 
332.031250 2316.406250 
320.312500 2296.875000 
316.406250 2292.968750 
320.312500 2269.531250 
335.937500 2281.250000 
316.406250 2285.156250 
328.125000 2296.875000 
316.406250 2292.968750 
312.500000 2324.218750 
351.562500 2296.875000 
312.500000 2328.125000 
316.406250 2312.500000 
320.312500 2312.500000 
316.406250 2296.875000 
328.125000 2308.593750 
316.406250 2308.593750 
320.312500 2316.406250 
320.312500 2320.312500 
308.593750 2320.312500 
316.406250 2324.218750 
312.500000 2316.406250 
304.687500 2320.312500 
328.125000 2320.312500 
308.593750 2320.312500 
324.218750 2328.125000 
332.031250 2324.218750 
304.687500 2320.312500 
343.750000 2320.312500 
308.593750 2324.218750 
308.593750 2328.125000 
316.406250 2328.125000 
316.406250 2324.218750 
339.843750 2320.312500 
316.406250 2332.031250 
316.406250 2324.218750 
324.218750 2320.312500 
312.500000 2324.218750 
343.750000 2292.968750 
320.312500 2312.500000 
355.468750 2277.343750 
308.593750 2292.968750 
359.375000 2269.531250 
304.687500 2277.343750 
351.562500 2273.437500 
320.312500 2281.250000 
343.750000 2253.906250 
316.406250 2285.156250 
308.593750 2253.906250 
308.593750 2273.437500 
304.687500 2273.437500 
320.312500 2242.187500 
335.937500 2246.093750 
316.406250 2261.718750 
351.562500 2214.843750 
308.593750 2250.000000 
351.562500 2269.531250 
328.125000 2250.000000 
324.218750 2277.343750 
308.593750 2289.062500 
339.843750 2261.718750 
308.593750 2234.375000 
308.593750 2199.218750 
347.656250 2179.687500 
332.031250 2281.250000 
351.562500 2371.093750 
324.218750 2312.500000 
355.468750 1890.625000 
242.187500 1988.281250 
261.718750 2128.906250 
261.718750 2109.375000 
304.687500 2097.656250 
261.718750 2140.625000 
304.687500 2136.718750 
269.531250 2140.625000 
292.968750 2125.000000 
308.593750 2101.562500 
292.968750 2125.000000 
289.062500 2121.093750 
292.968750 2156.250000 
265.625000 2167.968750 
269.531250 2179.687500 
281.250000 2144.531250 
281.250000 2167.968750 
285.156250 2179.687500 
292.968750 2171.875000 
281.250000 2187.500000 
285.156250 2187.500000 
285.156250 2203.125000 
277.343750 2207.031250 
273.437500 2207.031250 
289.062500 2210.937500 
285.156250 2214.843750 
277.343750 2218.750000 
277.343750 2218.750000 
281.250000 2222.656250 
281.250000 2222.656250 
277.343750 2210.937500 
281.250000 2218.750000 
281.250000 2222.656250 
296.875000 2191.406250 
285.156250 2246.093750 
277.343750 2238.281250 
289.062500 2257.812500 
285.156250 2250.000000 
285.156250 2253.906250 
304.687500 2222.656250 
292.968750 2253.906250 
300.781250 2250.000000 
296.875000 2257.812500 
292.968750 2253.906250 
292.968750 2246.093750 
296.875000 2250.000000 
289.062500 2246.093750 
300.781250 2242.187500 
304.687500 2250.000000 
292.968750 2253.906250 
300.781250 2257.812500 
308.593750 2257.812500 
292.968750 2273.437500 
296.875000 2273.437500 
296.875000 2273.437500 
304.687500 2273.437500 
308.593750 2265.625000 
296.875000 2273.437500 
308.593750 2265.625000 
300.781250 2269.531250 
308.593750 2265.625000 
300.781250 2269.531250 
308.593750 2265.625000 
300.781250 2277.343750 
304.687500 2285.156250 
304.687500 2277.343750 
300.781250 2281.250000 
316.406250 2273.437500 
312.500000 2281.250000 
308.593750 2277.343750 
304.687500 2277.343750 
316.406250 2281.250000 
312.500000 2281.250000 
308.593750 2277.343750 
312.500000 2285.156250 
320.312500 2281.250000 
300.781250 2285.156250 
304.687500 2289.062500 
312.500000 2292.968750 
320.312500 2285.156250 
304.687500 2289.062500 
312.500000 2289.062500 
304.687500 2285.156250 
308.593750 2281.250000 
304.687500 2273.437500 
320.312500 2269.531250 
304.687500 2265.625000 
300.781250 2261.718750 
308.593750 2265.625000 
312.500000 2273.437500 
316.406250 2265.625000 
316.406250 2265.625000 
316.406250 2269.531250 
320.312500 2261.718750 
320.312500 2261.718750 
316.406250 2257.812500 
316.406250 2261.718750 
316.406250 2257.812500 
312.500000 2261.718750 
308.593750 2253.906250 
316.406250 2257.812500 
316.406250 2257.812500 
324.218750 2242.187500 
320.312500 2246.093750 
316.406250 2261.718750 
308.593750 2277.343750 
312.500000 2300.781250 
312.500000 2300.781250 
312.500000 2312.500000 
304.687500 2304.687500 
312.500000 2304.687500 
308.593750 2300.781250 
312.500000 2312.500000 
304.687500 2300.781250 
304.687500 2304.687500 
308.593750 2289.062500 
304.687500 2304.687500 
304.687500 2300.781250 
308.593750 2316.406250 
304.687500 2296.875000 
296.875000 2269.531250 
332.031250 2234.375000 
300.781250 2242.187500 
316.406250 2226.562500 
304.687500 2230.468750 
296.875000 2210.937500 
300.781250 2187.500000 
292.968750 2191.406250 
328.125000 2171.875000 
308.593750 2195.312500 
292.968750 2187.500000 
320.312500 2234.375000 
304.687500 2132.812500 
296.875000 2164.062500 
296.875000 2164.062500 
300.781250 2171.875000 
300.781250 2187.500000 
312.500000 2156.250000 
312.500000 2156.250000 
296.875000 2160.156250 
312.500000 2160.156250 
316.406250 2195.312500 
312.500000 2167.968750 
304.687500 2195.312500 
304.687500 2218.750000 
304.687500 2222.656250 
289.062500 2296.875000 
277.343750 2324.218750 
320.312500 2425.781250 
179.687500 2300.781250 
265.625000 2351.562500 
324.218750 2281.250000 
308.593750 2281.250000 
304.687500 2281.250000 
312.500000 2292.968750 
308.593750 2285.156250 
304.687500 2269.531250 
300.781250 2273.437500 
328.125000 2273.437500 
300.781250 2308.593750 
304.687500 2320.312500 
320.312500 2296.875000 
300.781250 2324.218750 
316.406250 2328.125000 
312.500000 2339.843750 
312.500000 2347.656250 
335.937500 2347.656250 
328.125000 2363.281250 
328.125000 2363.281250 
328.125000 2339.843750 
335.937500 2347.656250 
332.031250 2371.093750 
335.937500 2367.187500 
324.218750 2402.343750 
332.031250 2394.531250 
324.218750 2402.343750 
339.843750 2406.250000 
328.125000 2414.062500 
332.031250 2437.500000 
324.218750 2433.593750 
332.031250 2449.218750 
328.125000 2457.031250 
320.312500 2449.218750 
328.125000 2457.031250 
324.218750 2457.031250 
316.406250 2453.125000 
316.406250 2457.031250 
324.218750 2472.656250 
320.312500 2464.843750 
312.500000 2460.937500 
320.312500 2468.750000 
304.687500 2460.937500 
320.312500 2460.937500 
300.781250 2449.218750 
320.312500 2460.937500 
308.593750 2449.218750 
308.593750 2453.125000 
312.500000 2460.937500 
316.406250 2460.937500 
316.406250 2468.750000 
316.406250 2464.843750 
316.406250 2472.656250 
316.406250 2476.562500 
316.406250 2472.656250 
320.312500 2476.562500 
320.312500 2472.656250 
316.406250 2472.656250 
312.500000 2480.468750 
320.312500 2476.562500 
316.406250 2476.562500 
312.500000 2476.562500 
316.406250 2472.656250 
316.406250 2476.562500 
316.406250 2472.656250 
308.593750 2480.468750 
316.406250 2476.562500 
320.312500 2484.375000 
316.406250 2464.843750 
320.312500 2453.125000 
324.218750 2457.031250 
328.125000 2449.218750 
324.218750 2449.218750 
320.312500 2445.312500 
324.218750 2445.312500 
332.031250 2429.687500 
328.125000 2425.781250 
335.937500 2417.968750 
328.125000 2417.968750 
328.125000 2406.250000 
332.031250 2398.437500 
343.750000 2386.718750 
343.750000 2382.812500 
343.750000 2371.093750 
335.937500 2371.093750 
335.937500 2371.093750 
335.937500 2367.187500 
339.843750 2359.375000 
332.031250 2363.281250 
328.125000 2363.281250 
328.125000 2363.281250 
332.031250 2359.375000 
328.125000 2359.375000 
324.218750 2359.375000 
335.937500 2359.375000 
320.312500 2363.281250 
328.125000 2363.281250 
324.218750 2363.281250 
343.750000 2359.375000 
335.937500 2367.187500 
324.218750 2371.093750 
332.031250 2371.093750 
320.312500 2359.375000 
320.312500 2363.281250 
320.312500 2375.000000 
312.500000 2363.281250 
316.406250 2363.281250 
316.406250 2347.656250 
316.406250 2355.468750 
312.500000 2355.468750 
312.500000 2347.656250 
308.593750 2359.375000 
312.500000 2367.187500 
308.593750 2363.281250 
320.312500 2339.843750 
308.593750 2328.125000 
328.125000 2316.406250 
324.218750 2296.875000 
296.875000 2285.156250 
304.687500 2273.437500 
312.500000 2273.437500 
328.125000 2230.468750 
316.406250 2238.281250 
304.687500 2210.937500 
324.218750 1929.687500 
296.875000 2230.468750 
316.406250 2207.031250 
324.218750 2156.250000 
312.500000 2191.406250 
289.062500 2265.625000 
335.937500 2308.593750 
355.468750 2234.375000 
343.750000 2222.656250 
304.687500 2246.093750 
300.781250 2257.812500 
308.593750 2250.000000 
312.500000 2234.375000 
304.687500 2234.375000 
324.218750 2234.375000 
292.968750 2261.718750 
300.781250 2242.187500 
292.968750 2273.437500 
292.968750 2285.156250 
289.062500 2289.062500 
312.500000 2253.906250 
312.500000 2269.531250 
292.968750 2285.156250 
296.875000 2285.156250 
316.406250 2269.531250 
292.968750 2281.250000 
312.500000 2261.718750 
304.687500 2328.125000 
296.875000 2320.312500 
320.312500 2289.062500 
304.687500 2320.312500 
312.500000 2312.500000 
320.312500 2316.406250 
308.593750 2335.937500 
308.593750 2335.937500 
304.687500 2351.562500 
304.687500 2363.281250 
308.593750 2363.281250 
304.687500 2363.281250 
324.218750 2339.843750 
304.687500 2402.343750 
312.500000 2402.343750 
304.687500 2402.343750 
308.593750 2386.718750 
308.593750 2437.500000 
308.593750 2390.625000 
312.500000 2441.406250 
316.406250 2433.593750 
308.593750 2414.062500 
312.500000 2425.781250 
312.500000 2429.687500 
320.312500 2417.968750 
316.406250 2464.843750 
320.312500 2464.843750 
316.406250 2441.406250 
320.312500 2457.031250 
316.406250 2472.656250 
324.218750 2437.500000 
320.312500 2460.937500 
320.312500 2449.218750 
320.312500 2476.562500 
316.406250 2457.031250 
316.406250 2449.218750 
320.312500 2468.750000 
316.406250 2468.750000 
312.500000 2449.218750 
316.406250 2460.937500 
316.406250 2480.468750 
320.312500 2488.281250 
328.125000 2437.500000 
328.125000 2402.343750 
328.125000 2417.968750 
328.125000 2433.593750 
332.031250 2425.781250 
332.031250 2417.968750 
335.937500 2417.968750 
339.843750 2414.062500 
335.937500 2421.875000 
343.750000 2410.156250 
335.937500 2425.781250 
335.937500 2425.781250 
335.937500 2425.781250 
339.843750 2414.062500 
335.937500 2417.968750 
339.843750 2417.968750 
335.937500 2410.156250 
339.843750 2398.437500 
328.125000 2417.968750 
335.937500 2414.062500 
335.937500 2429.687500 
335.937500 2417.968750 
332.031250 2417.968750 
339.843750 2417.968750 
339.843750 2417.968750 
347.656250 2398.437500 
328.125000 2433.593750 
335.937500 2417.968750 
339.843750 2414.062500 
339.843750 2406.250000 
343.750000 2414.062500 
332.031250 2417.968750 
347.656250 2441.406250 
324.218750 2421.875000 
332.031250 2449.218750 
332.031250 2453.125000 
332.031250 2457.031250 
343.750000 2457.031250 
335.937500 2472.656250 
332.031250 2468.750000 
343.750000 2476.562500 
328.125000 2441.406250 
355.468750 2457.031250 
335.937500 2460.937500 
335.937500 2464.843750 
343.750000 2460.937500 
335.937500 2464.843750 
339.843750 2468.750000 
335.937500 2457.031250 
339.843750 2457.031250 
343.750000 2457.031250 
359.375000 2453.125000 
332.031250 2460.937500 
335.937500 2457.031250 
335.937500 2457.031250 
339.843750 2457.031250 
351.562500 2453.125000 
335.937500 2445.312500 
339.843750 2468.750000 
332.031250 2468.750000 
335.937500 2464.843750 
335.937500 2460.937500 
339.843750 2445.312500 
339.843750 2453.125000 
343.750000 2449.218750 
339.843750 2457.031250 
335.937500 2445.312500 
347.656250 2445.312500 
335.937500 2445.312500 
343.750000 2433.593750 
332.031250 2429.687500 
328.125000 2433.593750 
335.937500 2437.500000 
339.843750 2433.593750 
339.843750 2437.500000 
339.843750 2437.500000 
335.937500 2429.687500 
332.031250 2410.156250 
324.218750 2417.968750 
328.125000 2417.968750 
320.312500 2421.875000 
320.312500 2406.250000 
332.031250 2410.156250 
324.218750 2410.156250 
316.406250 2398.437500 
332.031250 2390.625000 
324.218750 2386.718750 
324.218750 2382.812500 
332.031250 2375.000000 
328.125000 2386.718750 
316.406250 2402.343750 
320.312500 2394.531250 
320.312500 2421.875000 
324.218750 2417.968750 
312.500000 2437.500000 
316.406250 2429.687500 
332.031250 2390.625000 
308.593750 2394.531250 
316.406250 2386.718750 
320.312500 2343.750000 
359.375000 2316.406250 
304.687500 2312.500000 
351.562500 2304.687500 
312.500000 2312.500000 
320.312500 2300.781250 
355.468750 2238.281250 
308.593750 2250.000000 
304.687500 2261.718750 
320.312500 2312.500000 
316.406250 2257.812500 
320.312500 2246.093750 
324.218750 2359.375000 
320.312500 2156.250000 
312.500000 2257.812500 
332.031250 2269.531250 
367.187500 2300.781250 
351.562500 2222.656250 
453.125000 2265.625000 
312.500000 2269.531250 
273.437500 2285.156250 
285.156250 2273.437500 
316.406250 2261.718750 
285.156250 2269.531250 
289.062500 2273.437500 
285.156250 2277.343750 
292.968750 2289.062500 
281.250000 2281.250000 
281.250000 2292.968750 
277.343750 2281.250000 
320.312500 2277.343750 
281.250000 2281.250000 
312.500000 2257.812500 
296.875000 2292.968750 
285.156250 2285.156250 
320.312500 2285.156250 
285.156250 2292.968750 
277.343750 2289.062500 
289.062500 2289.062500 
281.250000 2296.875000 
312.500000 2289.062500 
296.875000 2289.062500 
281.250000 2292.968750 
304.687500 2285.156250 
289.062500 2289.062500 
277.343750 2289.062500 
273.437500 2285.156250 
296.875000 2265.625000 
273.437500 2281.250000 
269.531250 2273.437500 
277.343750 2289.062500 
285.156250 2296.875000 
281.250000 2277.343750 
269.531250 2265.625000 
277.343750 2269.531250 
277.343750 2257.812500 
285.156250 2242.187500 
277.343750 2242.187500 
281.250000 2238.281250 
285.156250 2234.375000 
285.156250 2218.750000 
281.250000 2226.562500 
289.062500 2218.750000 
289.062500 2234.375000 
285.156250 2230.468750 
289.062500 2222.656250 
289.062500 2218.750000 
289.062500 2222.656250 
289.062500 2226.562500 
289.062500 2226.562500 
289.062500 2218.750000 
289.062500 2234.375000 
292.968750 2242.187500 
289.062500 2238.281250 
292.968750 2234.375000 
296.875000 2234.375000 
300.781250 2238.281250 
289.062500 2246.093750 
292.968750 2238.281250 
292.968750 2246.093750 
296.875000 2230.468750 
289.062500 2250.000000 
292.968750 2246.093750 
292.968750 2269.531250 
296.875000 2269.531250 
296.875000 2253.906250 
296.875000 2265.625000 
296.875000 2257.812500 
296.875000 2257.812500 
289.062500 2261.718750 
296.875000 2242.187500 
296.875000 2257.812500 
292.968750 2261.718750 
296.875000 2265.625000 
300.781250 2273.437500 
296.875000 2265.625000 
296.875000 2273.437500 
296.875000 2257.812500 
292.968750 2269.531250 
296.875000 2277.343750 
300.781250 2246.093750 
304.687500 2269.531250 
300.781250 2273.437500 
300.781250 2277.343750 
300.781250 2265.625000 
300.781250 2265.625000 
296.875000 2265.625000 
300.781250 2261.718750 
300.781250 2265.625000 
300.781250 2265.625000 
300.781250 2257.812500 
320.312500 2246.093750 
312.500000 2250.000000 
316.406250 2238.281250 
320.312500 2222.656250 
332.031250 2218.750000 
332.031250 2214.843750 
324.218750 2222.656250 
332.031250 2234.375000 
320.312500 2238.281250 
324.218750 2250.000000 
320.312500 2234.375000 
328.125000 2234.375000 
324.218750 2246.093750 
312.500000 2234.375000 
324.218750 2242.187500 
320.312500 2246.093750 
320.312500 2238.281250 
316.406250 2226.562500 
320.312500 2218.750000 
320.312500 2214.843750 
316.406250 2203.125000 
320.312500 2203.125000 
320.312500 2195.312500 
320.312500 2203.125000 
332.031250 2191.406250 
320.312500 2199.218750 
332.031250 2179.687500 
316.406250 2187.500000 
308.593750 2187.500000 
324.218750 2199.218750 
312.500000 2207.031250 
304.687500 2214.843750 
308.593750 2199.218750 
300.781250 2195.312500 
320.312500 2183.593750 
304.687500 2191.406250 
328.125000 2171.875000 
304.687500 2187.500000 
292.968750 2171.875000 
320.312500 2183.593750 
308.593750 2175.781250 
332.031250 2171.875000 
312.500000 2144.531250 
320.312500 2140.625000 
234.375000 2207.031250 
421.875000 1953.125000 
261.718750 1957.031250 
261.718750 2230.468750 
300.781250 2273.437500 
281.250000 2246.093750 
250.000000 2269.531250 
308.593750 2289.062500 
261.718750 2273.437500 
253.906250 2296.875000 
273.437500 2304.687500 
296.875000 2308.593750 
296.875000 2308.593750 
269.531250 2320.312500 
273.437500 2328.125000 
300.781250 2320.312500 
273.437500 2328.125000 
261.718750 2324.218750 
277.343750 2328.125000 
257.812500 2320.312500 
261.718750 2324.218750 
273.437500 2335.937500 
285.156250 2335.937500 
253.906250 2335.937500 
277.343750 2347.656250 
308.593750 2324.218750 
250.000000 2332.031250 
265.625000 2351.562500 
261.718750 2343.750000 
250.000000 2335.937500 
250.000000 2355.468750 
324.218750 2281.250000 
285.156250 2351.562500 
281.250000 2351.562500 
289.062500 2355.468750 
289.062500 2359.375000 
289.062500 2355.468750 
296.875000 2347.656250 
269.531250 2339.843750 
253.906250 2343.750000 
269.531250 2343.750000 
261.718750 2347.656250 
250.000000 2339.843750 
292.968750 2375.000000 
328.125000 2316.406250 
269.531250 2347.656250 
238.281250 2343.750000 
250.000000 2347.656250 
250.000000 2343.750000 
265.625000 2312.500000 
285.156250 2339.843750 
257.812500 2355.468750 
253.906250 2347.656250 
281.250000 2359.375000 
257.812500 2371.093750 
277.343750 2355.468750 
277.343750 2343.750000 
265.625000 2335.937500 
285.156250 2351.562500 
281.250000 2316.406250 
285.156250 2343.750000 
277.343750 2339.843750 
269.531250 2339.843750 
281.250000 2359.375000 
285.156250 2339.843750 
308.593750 2339.843750 
281.250000 2339.843750 
253.906250 2335.937500 
292.968750 2316.406250 
320.312500 2316.406250 
304.687500 2355.468750 
300.781250 2324.218750 
324.218750 2339.843750 
289.062500 2285.156250 
269.531250 2335.937500 
269.531250 2316.406250 
273.437500 2347.656250 
304.687500 2406.250000 
289.062500 2320.312500 
375.000000 2273.437500 
265.625000 2351.562500 
269.531250 2355.468750 
281.250000 2332.031250 
265.625000 2359.375000 
261.718750 2324.218750 
1707.031250 2257.812500 
1539.062500 2121.093750 
1867.187500 2480.468750 
1515.625000 2023.437500 
269.531250 1531.250000 
230.468750 2238.281250 
265.625000 2207.031250 
371.093750 2128.906250 
289.062500 2195.312500 
210.937500 2257.812500 
242.187500 2238.281250 
246.093750 2261.718750 
320.312500 2335.937500 
242.187500 1828.125000 
226.562500 2222.656250 
312.500000 2269.531250 
242.187500 2300.781250 
285.156250 2281.250000 
265.625000 2261.718750 
253.906250 2312.500000 
292.968750 2246.093750 
289.062500 2289.062500 
265.625000 2332.031250 
253.906250 2285.156250 
292.968750 2292.968750 
277.343750 2289.062500 
257.812500 2285.156250 
277.343750 2257.812500 
285.156250 2289.062500 
265.625000 2257.812500 
296.875000 2281.250000 
277.343750 2296.875000 
292.968750 2343.750000 
261.718750 2300.781250 
226.562500 2312.500000 
269.531250 2300.781250 
281.250000 2285.156250 
253.906250 2320.312500 
242.187500 2292.968750 
265.625000 2296.875000 
261.718750 2296.875000 
253.906250 2277.343750 
277.343750 2296.875000 
265.625000 2289.062500 
269.531250 2289.062500 
261.718750 2285.156250 
265.625000 2289.062500 
269.531250 2289.062500 
281.250000 2273.437500 
265.625000 2285.156250 
312.500000 2265.625000 
273.437500 2285.156250 
277.343750 2285.156250 
269.531250 2281.250000 
277.343750 2292.968750 
277.343750 2281.250000 
265.625000 2281.250000 
261.718750 2292.968750 
265.625000 2273.437500 
273.437500 2230.468750 
269.531250 2277.343750 
289.062500 2265.625000 
289.062500 2343.750000 
269.531250 2281.250000 
292.968750 2261.718750 
265.625000 2265.625000 
277.343750 2269.531250 
253.906250 2281.250000 
265.625000 2277.343750 
277.343750 2269.531250 
281.250000 2273.437500 
265.625000 2269.531250 
285.156250 2222.656250 
261.718750 2273.437500 
273.437500 2261.718750 
269.531250 2261.718750 
269.531250 2253.906250 
292.968750 2246.093750 
273.437500 2246.093750 
285.156250 2238.281250 
257.812500 2265.625000 
269.531250 2246.093750 
273.437500 2265.625000 
277.343750 2265.625000 
285.156250 2261.718750 
281.250000 2257.812500 
257.812500 2261.718750 
281.250000 2261.718750 
277.343750 2261.718750 
285.156250 2261.718750 
285.156250 2339.843750 
308.593750 2234.375000 
277.343750 2273.437500 
292.968750 2261.718750 
281.250000 2269.531250 
296.875000 2269.531250 
324.218750 2242.187500 
292.968750 2250.000000 
300.781250 2261.718750 
257.812500 2269.531250 
281.250000 2253.906250 
296.875000 2257.812500 
289.062500 2257.812500 
304.687500 2246.093750 
265.625000 2253.906250 
292.968750 2242.187500 
304.687500 2253.906250 
281.250000 2238.281250 
285.156250 2250.000000 
324.218750 2257.812500 
285.156250 2242.187500 
320.312500 2292.968750 
324.218750 2253.906250 
285.156250 2210.937500 
292.968750 2230.468750 
285.156250 2218.750000 
296.875000 2199.218750 
269.531250 2226.562500 
300.781250 2199.218750 
292.968750 2207.031250 
292.968750 2226.562500 
304.687500 2250.000000 
257.812500 2269.531250 
1699.218750 2203.125000 
308.593750 2261.718750 
980.468750 1980.468750 
1449.218750 2019.531250 
285.156250 2218.750000 
2203.125000 2500.000000 
257.812500 2363.281250 
316.406250 2191.406250 
292.968750 2277.343750 
210.937500 1804.687500 
105.468750 2316.406250 
285.156250 2300.781250 
289.062500 2269.531250 
246.093750 2273.437500 
250.000000 2285.156250 
250.000000 2273.437500 
246.093750 2292.968750 
238.281250 2289.062500 
242.187500 2289.062500 
234.375000 2296.875000 
253.906250 2308.593750 
253.906250 2316.406250 
246.093750 2312.500000 
250.000000 2316.406250 
246.093750 2312.500000 
242.187500 2316.406250 
253.906250 2324.218750 
242.187500 2324.218750 
250.000000 2324.218750 
246.093750 2320.312500 
250.000000 2328.125000 
250.000000 2335.937500 
253.906250 2332.031250 
246.093750 2347.656250 
253.906250 2343.750000 
265.625000 2332.031250 
253.906250 2347.656250 
246.093750 2359.375000 
253.906250 2351.562500 
250.000000 2343.750000 
250.000000 2343.750000 
250.000000 2347.656250 
257.812500 2339.843750 
253.906250 2339.843750 
250.000000 2335.937500 
265.625000 2316.406250 
250.000000 2328.125000 
257.812500 2335.937500 
261.718750 2343.750000 
253.906250 2339.843750 
253.906250 2339.843750 
257.812500 2335.937500 
269.531250 2328.125000 
253.906250 2339.843750 
269.531250 2339.843750 
253.906250 2335.937500 
257.812500 2332.031250 
257.812500 2332.031250 
261.718750 2335.937500 
257.812500 2335.937500 
253.906250 2335.937500 
257.812500 2332.031250 
253.906250 2335.937500 
265.625000 2335.937500 
261.718750 2328.125000 
261.718750 2324.218750 
285.156250 2320.312500 
257.812500 2332.031250 
269.531250 2328.125000 
250.000000 2328.125000 
261.718750 2328.125000 
253.906250 2332.031250 
257.812500 2328.125000 
253.906250 2324.218750 
265.625000 2320.312500 
253.906250 2328.125000 
265.625000 2324.218750 
253.906250 2320.312500 
261.718750 2312.500000 
253.906250 2320.312500 
265.625000 2320.312500 
292.968750 2308.593750 
253.906250 2320.312500 
250.000000 2320.312500 
265.625000 2320.312500 
261.718750 2316.406250 
261.718750 2316.406250 
261.718750 2316.406250 
269.531250 2316.406250 
261.718750 2320.312500 
261.718750 2320.312500 
257.812500 2320.312500 
261.718750 2316.406250 
269.531250 2320.312500 
265.625000 2324.218750 
265.625000 2320.312500 
265.625000 2304.687500 
269.531250 2312.500000 
265.625000 2304.687500 
265.625000 2316.406250 
261.718750 2324.218750 
269.531250 2324.218750 
257.812500 2328.125000 
265.625000 2316.406250 
269.531250 2320.312500 
246.093750 2308.593750 
269.531250 2304.687500 
261.718750 2339.843750 
257.812500 2324.218750 
257.812500 2394.531250 
269.531250 2312.500000 
273.437500 2324.218750 
265.625000 2324.218750 
265.625000 2335.937500 
261.718750 2320.312500 
246.093750 2339.843750 
269.531250 2328.125000 
261.718750 2355.468750 
269.531250 2320.312500 
285.156250 2339.843750 
296.875000 722.656250 
320.312500 2363.281250 
308.593750 2269.531250 
277.343750 2468.750000 
300.781250 2308.593750 
308.593750 2378.906250 
277.343750 2289.062500 
316.406250 2363.281250 
308.593750 2289.062500 
3.906250 304.687500 
312.500000 2136.718750 
285.156250 2359.375000 
281.250000 2378.906250 
281.250000 2296.875000 
289.062500 2257.812500 
292.968750 2292.968750 
250.000000 2304.687500 
281.250000 2273.437500 
265.625000 2292.968750 
1527.343750 2062.500000 
1937.500000 2304.687500 
511.718750 2136.718750 
2496.093750 2500.000000 
316.406250 2121.093750 
292.968750 691.406250 
210.937500 1769.531250 
277.343750 2332.031250 
242.187500 2257.812500 
277.343750 2332.031250 
250.000000 2382.812500 
269.531250 2339.843750 
230.468750 1597.656250 
214.843750 2281.250000 
269.531250 2292.968750 
250.000000 2398.437500 
257.812500 2371.093750 
242.187500 2343.750000 
261.718750 2320.312500 
230.468750 2324.218750 
296.875000 2347.656250 
269.531250 2425.781250 
273.437500 2332.031250 
234.375000 2335.937500 
273.437500 2312.500000 
312.500000 2195.312500 
226.562500 2339.843750 
269.531250 2433.593750 
253.906250 2367.187500 
253.906250 2343.750000 
222.656250 2363.281250 
300.781250 2433.593750 
238.281250 2367.187500 
238.281250 2390.625000 
246.093750 2378.906250 
250.000000 2378.906250 
250.000000 2386.718750 
238.281250 2382.812500 
250.000000 2398.437500 
253.906250 2402.343750 
246.093750 2410.156250 
253.906250 2406.250000 
250.000000 2398.437500 
226.562500 2390.625000 
253.906250 2402.343750 
253.906250 2394.531250 
285.156250 2382.812500 
238.281250 2390.625000 
253.906250 2386.718750 
261.718750 2402.343750 
257.812500 2398.437500 
242.187500 2394.531250 
257.812500 2398.437500 
242.187500 2394.531250 
238.281250 2398.437500 
246.093750 2386.718750 
250.000000 2382.812500 
250.000000 2382.812500 
250.000000 2382.812500 
253.906250 2378.906250 
250.000000 2390.625000 
277.343750 2339.843750 
246.093750 2375.000000 
250.000000 2371.093750 
253.906250 2371.093750 
246.093750 2367.187500 
234.375000 2367.187500 
242.187500 2363.281250 
246.093750 2367.187500 
253.906250 2371.093750 
250.000000 2375.000000 
253.906250 2371.093750 
242.187500 2375.000000 
238.281250 2375.000000 
246.093750 2367.187500 
253.906250 2375.000000 
242.187500 2375.000000 
253.906250 2375.000000 
277.343750 2351.562500 
253.906250 2367.187500 
257.812500 2367.187500 
246.093750 2363.281250 
253.906250 2359.375000 
246.093750 2371.093750 
253.906250 2359.375000 
250.000000 2363.281250 
250.000000 2355.468750 
269.531250 2351.562500 
253.906250 2359.375000 
250.000000 2351.562500 
246.093750 2363.281250 
250.000000 2351.562500 
257.812500 2351.562500 
242.187500 2359.375000 
246.093750 2355.468750 
234.375000 2355.468750 
234.375000 2359.375000 
242.187500 2355.468750 
253.906250 2359.375000 
246.093750 2359.375000 
253.906250 2347.656250 
242.187500 2339.843750 
277.343750 2351.562500 
250.000000 2339.843750 
253.906250 2351.562500 
250.000000 2343.750000 
253.906250 2359.375000 
269.531250 2328.125000 
261.718750 2339.843750 
238.281250 2421.875000 
281.250000 2339.843750 
265.625000 2367.187500 
382.812500 2242.187500 
277.343750 2316.406250 
246.093750 2363.281250 
281.250000 2261.718750 
269.531250 2406.250000 
316.406250 2339.843750 
316.406250 2386.718750 
207.031250 2433.593750 
277.343750 2328.125000 
226.562500 2378.906250 
269.531250 2308.593750 
242.187500 2394.531250 
253.906250 2355.468750 
238.281250 2242.187500 
265.625000 2296.875000 
3.906250 2359.375000 
285.156250 2316.406250 
218.750000 2277.343750 
273.437500 2292.968750 
269.531250 2304.687500 
3.906250 2390.625000 
253.906250 2351.562500 
464.843750 2351.562500 
261.718750 2339.843750 
351.562500 2398.437500 
1613.281250 2253.906250 
332.031250 2359.375000 
1003.906250 1683.593750 
953.125000 1898.437500 
