72.372 -12.408 -22.686 15.829 3.3494 4.0034 -24.476 5.56 6.917 72.157 -11.456 -21.891 18.347 4.3711 3.3567 -26.545 6.8595 4.4365 68.273 -8.3173 -10.618 16.838 5.782 13.643 -15.823 3.0847 8.6308 73.989 -12.376 -21.616 11.731 3.1682 5.2141 -17.302 -3.5533 -6.762 71.758 -10.863 -21.157 19.038 4.5349 4.6656 -27.456 6.6346 6.6481
63.876 1.6159 -30.899 15.832 3.1062 3.4327 -23.026 4.5118 2.9188 64.254 1.754 -31.469 16.3 2.7606 5.797 -24.209 3.7381 9.4466 68.6 1.8419 -25.293 8.7273 2.1288 15.238 -9.5014 1.1037 18.688 65.479 1.3898 -31.169 14.517 2.152 5.4095 -22.47 3.2916 9.3871 66.57 1.5789 -30.108 8.8794 3.6475 9.0967 -14.364 5.8284 8.162
66.015 -11.36 -20.565 14.311 3.843 2.7387 -22.468 6.2933 4.0262 65.061 -12.463 -16.974 18.373 2.9958 5.8116 -25.576 4.5813 7.7794 70.833 -10.761 -15.81 10.688 4.0667 9.0963 -12.027 3.4341 11.073 69.36 -12.158 -18.7 9.7001 1.7041 3.8063 -15.623 2.8395 -4.9463 65.738 -11.413 -17.003 19.388 3.8276 4.5492 -26.949 5.6662 6.8565
70.079 -13.64 -15.278 15.278 3.6617 2.253 -23.921 6.032 3.0796 67.042 -13.813 -12.336 19.386 4.7215 2.7415 -25.45 4.5013 3.3629 74.544 -10.28 -8.1916 12.551 3.443 9.4548 -13.591 3.0629 9.9115 68.433 -14.374 -12.303 12.98 3.4866 4.16 -16.302 -4.1936 -3.7957 49.46 -19.831 -10.418 15.688 7.9995 4.2472 -18.511 8.7311 5.6323
58.903 -6.4657 -4.6389 19.629 3.3457 3.9405 -22.349 4.118 -2.3194 71.722 -6.4765 -8.9542 20.43 3.9162 6.7332 -27.492 5.6888 7.8163 81.719 -0.83757 6.8629 6.3349 2.8395 7.8873 -5.8641 -3.0324 -8.1427 74.036 -7.1413 -10.192 19.829 2.8298 4.501 -26.95 4.3008 5.8183 80.15 -6.3724 -10.538 12.87 2.0445 7.4035 -20.06 2.4103 -1.338
66.747 0.32676 10.506 26.355 4.3034 8.614 -25.84 1.365 8.2326 74.077 -0.47661 2.6608 20.286 3.22 4.7246 -29.245 3.4944 -4.0075 79.178 -0.81571 8.632 11.445 3.957 7.2154 -7.8938 -3.0237 8.3452 76.941 1.4042 8.0768 19.908 3.2649 6.4108 -26.502 2.4981 8.0033 79.8 2.168 6.1115 16.556 4.7914 3.6877 -23.83 7.1398 5.1897
63.993 -8.033 -0.064385 17.462 9.9981 13.704 -23.723 5.3318 10.978 58.822 1.1313 10.928 18.353 9.2343 13.779 -21.452 -7.6551 3.3799 68.033 1.4867 15.013 12.993 6.3864 12.145 11.578 -5.3436 4.6094 54.985 0.8109 8.8802 17.047 7.066 10.809 -18.386 -5.9357 -4.9408 54.668 1.4751 15.716 11.994 4.953 6.3478 -14.801 6.7714 -6.447
87.1 -8.369 -8.7874 23.773 3.0528 4.3103 -34.215 4.6579 -5.1784 84.276 -7.0086 -4.6673 23.509 3.7052 7.8235 -32.383 4.8404 4.9267 87.974 -4.4855 2.8738 9.4671 2.9435 5.3719 -5.8158 -2.1887 3.7487 88.004 -7.2625 -5.8616 22.174 3.6606 4.3586 -31.97 5.9863 5.375 83.953 -6.2071 -4.9516 15.346 2.4854 8.6911 -21.444 2.3613 -4.8373
86.477 -2.5329 3.9539 25.491 4.6895 4.3109 -34.66 -7.1052 3.1446 61.229 0.50377 10.226 19.789 3.5214 5.4648 -21.529 4.2958 -5.5531 79.952 0.98286 11.087 10.556 2.4456 5.7877 -7.5191 -2.0215 -4.9814 83.405 -0.15463 5.9556 23.685 2.6069 6.5961 -29.469 4.2307 6.5122 61.793 -0.19035 10.173 13.737 4.4682 9.2669 -14.789 6.256 -10.873
76.141 -5.4264 -11.701 20.662 2.7053 4.0712 -29.773 4.1513 -5.5215 72.924 -4.8894 1.6804 19.733 4.0316 14.466 -28.504 5.0438 7.3512 75.794 -2.0887 5.8759 9.0822 5.491 13.617 -9.516 4.8678 -8.8904 73.497 -3.6829 3.8374 16.739 4.3866 14.04 -25.381 4.6422 -6.5114 76.817 -0.36552 11.511 15.093 4.9803 5.7677 -22.934 5.8727 5.7746
75.585 -5.4843 -12.32 20.391 2.7962 4.0746 -29.625 4.2492 -5.6938 72.16 -4.7925 2.3809 19.491 4.1007 14.257 -28.165 5.1604 3.8148 75.05 -1.6724 7.415 8.3255 5.8416 13.828 -7.6161 5.2337 -10.255 71.579 -2.3844 4.9517 17.27 5.4763 13.83 -24.911 5.5621 -6.9078 76.214 -0.094078 10.885 14.839 4.7314 5.6801 -22.508 6.1842 6.0737
55.599 2.4238 6.267 16.146 4.6685 3.9137 -21.909 4.4898 -3.6311 61.377 3.7494 9.4497 17.444 5.6283 6.2719 -23.197 -2.7373 -6.7017 69.016 3.8512 11.955 6.991 3.4563 5.0465 2.2961 1.7919 3.5672 61.531 0.6891 9.3492 16.108 6.2829 8.0951 -21.131 -3.4497 -6.7919 76.328 -9.5879 -4.1849 12.139 4.9956 12.21 -17.315 4.9696 10.645
75.67 0.60304 -10.562 21.452 2.307 4.6534 -30.828 3.285 -6.8165 69.514 -3.5345 -2.583 23.17 3.6889 11.418 -26.752 2.7483 6.5839 73.882 -4.665 -3.6865 15.303 2.8666 11.134 -13.486 -3.2028 8.4629 68.76 -4.6041 -2.8566 20.813 3.9194 12.038 -23.734 0.68522 7.3247 58.082 -8.0268 12.973 11.059 4.3561 3.2051 -16.117 -6.4236 -1.0694
63.066 -2.6581 1.8241 18.509 3.4806 3.2551 -26.004 3.1534 -2.4861 66.763 -3.6357 -0.36215 18.547 3.9272 4.8043 -26.275 3.445 -2.708 72.43 -3.315 0.14306 9.1738 5.4873 5.8583 -8.8636 -3.2258 -1.7254 64.13 -3.1956 2.0516 17.372 4.9093 4.8815 -23.531 -2.434 4.173 67.46 -5.2409 -1.5272 13.154 3.9012 5.478 -19.007 -4.194 -4.0988
51.163 -10.74 -0.19172 17.092 4.369 5.1951 -16.797 4.2429 -5.27 67.583 -9.129 -1.6924 25.009 6.5572 9.2025 -25.036 3.6795 -4.0957 69.377 -8.2059 0.55263 17.458 5.0092 5.5325 13.722 -3.5008 -5.1881 53.159 -11.338 1.2454 17.685 7.258 6.3338 13.675 -7.4106 5.4456 67.225 -12.231 -6.3621 25.425 7.8802 9.7138 -24.933 6.9548 7.0185
63.044 -19.272 -12.935 20.386 9.608 10.903 -20.955 7.7541 8.1671 54.104 -10.928 4.3917 17.131 6.6208 6.4516 -20.535 5.7747 -6.9366 71.829 -16.827 -6.404 12.508 12.87 13.062 -10.213 -8.1445 -5.6586 73.099 -23.822 -12.326 20.94 11.366 9.3081 -24.428 11.802 6.8774 71.176 -19.977 -9.2979 16.6 10.148 12.236 -17.394 3.9205 9.4167
63.998 -15.815 4.422 16.77 6.7815 5.4979 -21.129 7.2407 -4.5679 66.428 -18.586 -3.4918 20.811 6.939 8.4052 -23.206 7.202 -3.2395 71.737 -14.718 -1.2527 15.543 8.0447 4.9225 9.41 4.2081 -4.0165 72.14 -15.454 0.17364 18.898 8.8172 8.3291 -12.773 -8.1383 -4.8172 74.863 -16.821 -6.8811 23.89 9.2052 8.6566 -27.023 9.1282 5.0104
32.096 -5.0765 2.5046 9.8141 2.8055 2.4565 -12.699 2.0194 3.4551 46.143 -1.3518 16.231 22.149 6.7349 18.892 14.322 6.3592 19.214 53.727 -2.6129 16.491 19.183 5.4078 15.522 15.712 3.9855 15.701 57.176 0.24955 23.429 21.136 6.7801 18.508 -17.498 6.9095 15.703 71.016 6.6602 40.782 16.259 7.1857 16.397 -15.644 10.206 16.254
50.096 -15.266 5.5841 17 6.121 9.2858 -17.003 4.4332 -7.3171 59.73 -14.132 3.8719 22.1 6.1912 10.363 -19.548 7.4717 5.3076 63 -7.9127 11.9 17.651 7.829 6.2627 15.693 -2.526 7.0732 55.065 -13.137 6.7671 17.993 8.0863 10.35 -15.375 7.6634 -5.9088 60.661 -3.2689 19.052 18.195 10.509 10.723 -9.3777 9.3521 11.16
61.221 -23.426 16.236 17.859 10.011 9.6248 -18.73 -4.4414 5.0904 58.019 -23.59 17.45 16.171 9.0238 7.7636 -20.861 7.5803 -3.0694 68.689 -19.968 12.773 10.911 11.603 9.1969 4.8193 -9.0226 7.7343 54.336 -26.401 15.207 15.974 14.76 8.7203 8.3641 -11.01 8.9843 58.228 -9.6436 10.558 17.938 9.6326 7.4249 -21.825 -9.3251 7.0255
42.46 -17.467 7.8684 14.419 7.1142 5.6682 -14.693 4.8589 3.3882 55.192 -14.362 13.061 17.655 6.231 7.0691 -20.389 4.446 -4.6436 64.884 -10.417 12.058 16.496 6.1128 9.0748 10.41 -5.0511 8.9435 52.633 -8.1334 8.3842 18.452 8.6074 9.5156 -14.724 5.3324 8.2146 57.589 -6.5004 19.225 16.437 14.277 10.842 -12.829 -2.8303 6.7381
60.954 10.701 14.075 23.139 6.0779 9.4959 -21.426 5.8316 10.397 59.491 4.5106 13.072 22.026 6.8154 8.1226 -22.064 -5.3434 4.6928 72.665 8.0308 16.989 15.344 4.9784 9.9771 -11.157 -2.201 8.9519 66.109 8.4699 15.726 19.369 4.7507 7.6367 -21.792 4.3871 6.7002 64.776 -1.2911 15.694 16.008 6.9234 5.2996 -17.064 -7.8084 6.3986
64.778 -2.0673 5.0081 19.853 4.2641 4.3586 -25.902 4.5732 -3.7062 64.494 -4.1406 4.9137 18.626 3.6117 3.7967 -25.076 4.4742 -2.867 72.865 -1.2158 9.216 8.3764 4.5172 6.4514 -3.8114 4.1889 6.904 69.634 -3.2048 5.4612 16.567 3.612 3.9076 -23.77 4.0766 -2.6118 68.996 -4.9904 6.436 14.513 5.9074 4.7753 -20.32 -9.1804 5.4631
75.452 1.1112 13.036 17.908 4.3457 5.2349 -25.73 4.7892 2.8633 70.402 0.34491 8.8175 21.27 4.9805 6.9235 -28.219 5.4608 6.8292 72.579 0.51381 12.229 10.233 4.0582 6.2313 -8.6365 2.975 4.6358 68.227 -0.90645 9.9511 17.333 6.1756 5.5496 -20.346 4.2988 5.1854 65.443 -2.7761 6.5755 20.78 3.8891 6.1545 -25.438 3.9662 -5.817
53.734 -15.792 23.309 16.897 11.207 12.08 -17.021 -8.3094 -9.7063 52.555 -11.655 19.248 18.616 8.6344 10.184 -18.839 -8.1373 -6.429 70.498 -6.2208 20.767 8.6956 3.5405 7.2746 -9.708 2.823 7.0123 56.524 -15.232 25.749 10.709 8.5407 9.2245 -12.466 -11.453 -5.8909 61.35 -8.5214 17.209 18.294 4.828 8.3556 -23.274 4.5234 5.8078
60.552 -4.6017 7.986 18.719 8.7741 7.4972 -22.358 7.4208 5.0902 59.688 -3.5836 9.2618 19.193 8.412 8.1744 -21.494 5.3212 7.8703 67.044 -0.33036 11.425 9.2142 6.1298 5.8502 6.3031 4.3271 5.6758 58.483 -12.041 2.2461 14.01 5.422 4.578 -19.689 -3.8674 -2.6595 63.069 -10.059 4.3198 13.164 7.2846 5.9185 -15.169 -10.592 5.9673
66.474 1.812 10.268 21.415 8.2844 6.639 -24.553 6.0919 -5.0162 63.455 2.672 11.929 21.887 6.5513 6.9277 -23.144 2.1458 6.378 63.978 -1.1949 7.4974 10.487 6.4277 7.7825 -6.8446 -3.0849 2.2042 58.489 -10.371 -1.5371 14.262 5.6301 4.5214 -19.897 -4.9028 -4.4257 59.661 -8.9589 4.1264 13.185 8.1418 6.0971 -14.372 -9.0903 5.4285
66.175 -7.3234 13.634 17.714 8.9073 6.6818 -23.372 -3.8736 -5.2028 59.867 -8.6797 5.6707 17.962 7.2577 5.8826 -22.308 3.9193 4.9548 69.631 -4.418 9.578 7.2279 7.9755 6.4048 -3.9752 5.7655 6.0689 64.403 -11.616 10.085 12.304 8.8449 7.7499 -16.542 -9.979 5.1482 57.606 -10.115 6.091 16.866 5.6068 6.372 -21.663 5.1578 3.4734
70.286 0.61867 11.779 21.459 6.3329 4.2207 -27.404 7.2032 -4.1292 67.781 0.64034 11.873 19.141 5.8015 4.291 -26.729 4.9126 -5.8333 75.289 -4.1427 12.281 13.629 2.9479 3.9666 -9.4906 3.3258 1.8931 65.339 -4.3091 10.922 18.901 5.1543 6.9417 -22.712 5.8713 6.26 71.645 -6.8596 13.071 13.969 5.9268 4.9047 -19.948 -9.7915 3.806
65.599 -20.493 -0.16175 18.091 5.7086 4.532 -24.026 -4.7893 5.7816 61.964 -20.838 -0.13836 17.267 6.143 3.8143 -23.134 7.2405 4.6852 70.008 -16.703 2.6997 5.777 6.6921 10.463 -6.3165 7.0787 12.479 60.211 -21.338 -0.2137 14.504 6.4892 2.9627 -21.017 9.423 3.0954 62.562 -22.514 -1.0499 9.4211 6.1822 4.4928 -13.894 -8.8457 6.5986
61.347 4.9882 18.695 14.962 4.0748 6.5017 -21.524 3.7547 -6.3172 63.23 7.3178 23.596 17.662 6.1001 8.8084 -23.937 6.8484 -3.9885 64.319 4.3977 21.531 15.717 6.8531 10.465 -13.735 -5.0142 6.9455 63.538 4.8944 24.064 13.72 8.5375 7.5475 -16.869 8.6577 3.1684 62.369 6.1636 21.233 17.031 7.7669 6.6312 -24.411 1.9757 -8.5442
66.094 -6.5693 18.5 18.375 4.5804 4.4813 -26.271 5.0971 -6.6947 64.942 -4.2856 18.542 18.929 3.6034 6.6018 -26.011 3.5935 -8.0452 69.126 3.8751 15.978 14.608 5.4119 5.4901 -14.193 -4.8161 4.9281 69.953 -2.5437 19.778 15.801 5.3138 5.4294 -23.904 4.6497 -6.2854 66.988 -0.98892 17.293 13.232 5.0606 4.0605 -18.493 -3.2515 3.5482
41.134 -27.012 23.224 13.817 11.832 11.938 -11.853 8.0275 -5.305 56.257 -19.261 8.5746 18.906 9.5826 10.687 -21.154 -5.8426 11.008 62.904 -12.303 13.2 17.679 8.9543 13.411 -13.391 3.3679 10.813 55.314 -20.969 6.5694 16.679 8.7394 9.4103 -18.939 9.0409 10.037 62.489 -14.067 13.073 13.919 8.1069 7.1806 -16.216 -12.071 9.3189
57.833 -7.0994 9.7302 18.562 6.7501 4.6376 -20.688 6.2975 -4.9486 74.752 3.8561 3.3285 23.605 6.7592 8.3613 -28.857 -3.2227 9.094 69.349 1.9554 13.086 18.002 5.79 12.771 5.144 -2.9198 7.7019 82.032 6.8415 0.96523 19.979 5.9561 4.4566 -28.254 -5.4985 5.0403 83.32 7.6928 1.7768 15.954 7.9819 6.0616 -23.221 9.9882 8.9033
72.594 -26.013 42.396 21.38 9.5906 18.613 -26.232 6.5639 8.3929 54.837 -10.075 24.697 20.606 11.91 17.12 -18.914 -10.95 15.372 63.627 -8.7213 25.262 16.692 10.411 15.377 10.357 -10.01 16.689 53.694 -13.56 27.308 18.959 11.315 17.09 -13.012 -8.1187 15.101 61.877 -5.9026 25.59 10.996 5.1573 7.2346 -15.79 -6.2408 -5.3684
71.223 -5.8558 18.994 25.46 5.5118 9.5839 -25.989 5.0762 9.228 59.798 -8.8643 21.134 23.996 5.6538 12.067 -18.54 3.7912 11.462 61.141 -6.1449 19.066 20.852 5.9779 8.0674 14.406 -2.0003 9.6471 53.92 -10.612 21.482 21.61 5.9781 11.754 7.2015 4.6578 10.048 41.077 -15.796 15.249 12.198 6.4596 8.7597 10.673 -8.6795 10.039
54.716 -7.0595 14.707 19.809 10.019 7.0797 -20.033 -7.5126 4.361 50.245 -4.9266 11.615 21.282 9.5291 7.006 -15.174 -5.8172 6.4017 65.073 0.55861 12.952 10.623 4.0801 5.7129 -8.6558 -3.3725 5.7624 55.394 -2.2252 13.161 14.858 3.8459 7.3085 -19.409 3.1572 -6.2716 64.427 4.9923 15.723 15.048 6.4136 6.0617 -16.307 6.6224 6.0911
44.007 -8.1928 16.671 14.561 6.3401 7.4841 -14.453 -8.1143 8.2337 57.961 -13.314 23.246 22.188 12.611 13.446 -19.247 3.2549 12.075 62.498 1.0281 14.165 14.033 5.9215 8.4583 9.5134 -3.8594 10.796 50.047 -1.7946 11.632 16.07 5.8257 6.5242 -14.349 5.3445 -4.4339 61.695 3.8373 13.479 14.865 7.3912 7.153 -17.169 4.3673 7.4068
57.063 -12.475 18.145 16.962 5.4689 6.6277 -21.415 4.7838 -5.4921 56.729 -14.91 17.512 17.011 5.8941 7.5567 -21.225 6.5956 -6.4494 66.752 -12.758 13.616 12.164 6.0471 6.0428 10.967 4.2001 3.6225 62.318 -9.986 17.068 16.27 5.2885 8.5201 -20.342 -2.6967 -4.9635 61.791 -19.007 17.028 14.503 9.1387 8.3478 -9.4817 -11.383 7.6728
52.085 3.5606 3.4872 16.851 3.6501 3.3432 -20.229 2.8103 -3.5633 50.034 5.4073 1.3227 17.252 3.7385 2.8025 -18.615 2.6732 -2.9177 71.838 4.5777 7.0435 15.925 2.4539 3.689 -10.119 2.7695 3.9707 50.933 4.6381 2.2026 16.727 4.4932 2.8782 -16.341 -4.362 2.4759 52.994 5.2986 2.4811 15.362 4.7472 2.9275 -14.779 5.8163 3.9096
72.716 -4.2491 -6.0316 20.514 2.3313 3.6087 -29.512 3.205 -5.1555 66.636 -3.5763 1.9677 21.811 4.9756 9.3421 -25.534 -1.5544 6.0067 70.019 -1.7639 7.7178 12.757 5.0478 9.439 -3.8667 -3.9589 -6.7074 57.542 -9.4834 -4.8443 15.78 5.4121 5.4008 -18.23 5.2071 6.9806 57.661 -2.3645 6.3747 12.39 8.7801 8.81 -13.476 8.9273 1.9481
56.084 -8.4091 3.3682 18.426 3.0766 2.3677 -19.531 1.8683 2.5426 51.352 -12.169 8.2684 14.45 4.1717 4.3039 -20.175 4.078 -3.4283 74.879 -5.9233 8.0641 11.626 4.4517 5.1291 9.9223 -4.5366 4.8565 69.773 -8.9459 10.633 21.959 7.7971 9.1721 -22.577 -7.5292 9.1308 60.548 -15.531 17.93 12.853 8.1773 6.0385 -12.846 -10.871 5.3894
47.401 -3.0144 14.078 15.911 7.4458 6.8477 -17.769 6.304 5.9695 38.936 -7.0255 12.648 14.071 6.8514 6.9482 -12.022 4.119 6.8483 65.023 0.11789 16.33 16.134 6.55 5.3739 -4.9008 -4.5972 6.2881 61.104 3.3071 12.039 15.446 4.7241 4.6158 -20.413 -3.9938 3.6061 54.116 1.8943 14.066 16.131 8.7701 5.95 -14.098 6.5302 7.4618
50.185 -12.293 13.393 15.831 6.8632 9.2395 -18.668 -6.8976 10.191 47.544 -18.044 18.638 15.656 8.8292 11.611 -17.654 -5.3872 8.3458 67.219 -10.027 12.974 19.97 9.4591 9.1032 12.303 -10.589 10.034 61.227 -8.4541 13.24 22.473 7.6064 8.2709 -15.415 -8.7517 8.9413 59.534 -11.225 20.913 12.712 11.571 7.9664 -14.286 -11.073 6.2162
72.493 -3.8969 16.062 20.168 5.9844 4.4792 -28.335 -6.0045 -5.4584 70.434 -2.6247 19.604 21.284 5.331 6.9913 -26.615 4.7252 -4.3642 65.903 0.89065 21.637 13.977 4.0992 6.4349 8.9179 -2.9113 8.175 68.402 1.898 19.228 18.788 5.8256 7.0776 -22.714 -3.3556 6.431 61.217 -0.1305 21.573 15.13 7.6526 7.2094 -13.742 6.0718 8.1019
60.069 -2.0631 2.6434 17.817 3.7452 8.5425 -24.243 4.0054 8.1606 57.501 -1.9588 13.878 17.425 4.5171 13.618 -21.927 3.8885 10.643 65.84 0.029636 14.742 9.6624 4.3562 11.503 -8.885 -3.6249 9.8397 60.207 -4.3195 5.0348 15.782 3.8946 7.5518 -21.608 -2.6135 7.5665 58.25 -1.6732 19.451 12.064 7.3933 12.058 -15.495 -6.7418 11.463
64.203 7.2307 18.008 20.217 9.2397 6.3921 -24.02 -7.679 4.4126 67.142 7.141 18.517 21.407 4.6662 7.2969 -26.502 -4.7992 -5.5256 72.385 6.7697 19.944 13.38 5.5773 6.9703 -8.2892 -3.7864 7.7229 61.756 -0.033998 20.351 15.932 6.4545 7.8813 -20.385 -4.402 -4.1729 68.617 5.3327 25.698 11.16 6.6066 4.1385 -17.015 10.301 -3.7201
83.422 1.583 1.5229 23.012 2.2002 6.425 -30.543 -0.79948 7.4161 87.355 2.7313 2.2779 25.952 4.0694 3.4994 -35.896 5.9181 3.928 78.978 2.0848 11.637 13.821 3.2246 7.8208 -5.9997 4.381 -5.0666 71.833 3.2769 18.604 14.69 6.0679 9.3629 -18.674 9.9008 -8.6113 85.322 1.8467 4.5109 25.749 3.3757 7.5461 -34.048 4.811 7.3968
55.401 1.7553 19.024 15.164 3.1406 8.3557 -19.027 -2.8284 -6.6479 65.431 4.7661 8.125 23.651 4.165 12.208 -24.585 5.5636 6.9534 66.134 3.6881 13.016 13.702 2.6234 7.2459 10.347 1.396 5.4975 64.805 4.6368 13.538 15.538 6.0751 13.527 -15.844 9.7755 -8.915 72.844 3.1689 -6.583 20.714 1.8204 8.7653 -28.959 1.799 7.8305
50.311 -7.8769 13.578 14.406 5.1627 4.1766 -19.362 -4.6886 -4.8922 58.051 -5.0316 10.735 17.422 2.9106 4.4916 -22.322 2.4045 -5.2979 72.919 -2.3653 11.172 15.432 4.2836 3.4952 10.688 3.9962 2.9154 53.999 -12.665 16.175 16.327 4.3168 5.23 -7.622 5.3334 -6.4169 85.31 -2.8374 8.0424 22.918 4.6051 5.039 -26.746 -5.714 5.6673
52.792 -5.0388 2.8842 16.099 4.6963 5.3696 -21.068 3.5039 4.9035 57.28 1.2605 8.9001 17.907 3.809 5.9813 -21.563 2.7286 -4.7711 61.997 1.0402 11.243 9.6813 3.879 6.415 -9.1327 -4.226 -4.7627 56.991 -2.6259 2.8702 15.836 4.4775 5.8796 -19.978 -4.2822 5.8442 58.853 0.54729 8.5999 17.504 6.4214 5.6903 -14.355 -5.3165 4.724
64.637 0.1463 8.2372 19.531 2.2653 4.6383 -19.073 2.9928 -2.7817 65.996 0.12316 5.9347 25.859 3.8728 5.7898 -22.14 5.6716 2.7819 73.319 0.97621 7.8442 15.48 2.2712 4.8413 10.521 2.2306 5.1857 71.133 1.9182 9.2367 19.76 4.053 4.6507 -16.643 6.2087 4.9776 86.214 1.0006 2.691 27.132 2.948 6.5837 -35.68 3.8258 5.4769
62.054 -5.359 -3.7891 17.226 3.2269 5.4735 -24.877 3.5919 4.2777 59.955 -4.0717 7.0017 18.178 4.8329 11.834 -22.341 4.5046 9.8731 73.427 -0.33155 13.128 13.018 4.7848 10.091 12.718 2.7274 3.1639 63.714 -0.21173 15.454 16.572 3.9101 8.2666 -20.316 4.472 3.5919 61.821 1.1551 23.38 12.642 5.8786 6.0737 -14.359 8.0875 5.1874
75.527 -5.9994 11.852 22.593 5.1572 18.356 -28.568 5.755 -4.1155 76.917 4.6232 15.771 14.27 7.1328 6.1723 -20.79 9.5387 8.0258 72.731 0.5339 24.829 6.7305 6.0393 5.5452 -6.195 -5.0357 4.9906 68.597 -2.442 13.501 19.916 6.0625 14.188 -26.799 6.0995 -8.7005 64.67 -0.27942 18.368 15.65 6.0464 10.315 -21.742 3.8331 -9.09
72.018 -14.094 -18.171 18.195 4.854 3.2941 -26.477 7.777 -1.8813 69.959 -10.508 -3.936 19.635 5.5483 16.657 -26.558 6.1467 16.379 78.277 -5.8596 7.0292 12.666 4.9014 14.503 -9.2645 -3.9094 -9.7704 66.528 -7.3232 7.5972 17.263 6.1238 19.407 -23.005 5.2654 -6.7783 61.433 -4.4454 22.945 13.647 4.9467 6.9035 -13.753 -4.5765 3.9519
66.966 0.27847 17.866 18.517 4.5126 4.4909 -26.539 6.4264 -6.5567 73.639 -1.1074 14.089 21.935 4.0246 6.6644 -27.807 5.7812 -5.824 74.504 -2.0882 12.87 13.555 3.1876 6.2568 7.6798 1.8256 7.2751 68.763 -1.902 18.58 17.832 4.6397 7.3723 -23.598 3.5161 3.7796 69.687 -6.4177 19.576 13.384 6.5969 6.2175 -17.05 -10.566 -3.2299
63.178 0.13952 4.3248 19.594 3.45 4.3958 -25.312 4.0883 -3.8994 66.407 0.16843 2.0327 20.349 3.6629 5.5104 -25.573 3.8319 -2.9036 79.562 3.4579 3.4017 8.9224 2.5967 4.4668 -7.9373 -0.36951 4.178 67.83 0.37148 4.4767 19.689 3.5565 5.2803 -22.757 3.0208 4.1276 73.457 1.8328 3.1394 17.782 4.7129 4.5256 -23.003 6.0243 2.7891
48.935 -2.9141 13.517 14.391 4.087 5.8636 -19.633 -2.3703 -4.679 55.627 -0.52543 8.7997 17.726 4.3557 9.4628 -20.511 5.1058 5.4041 73.252 5.5831 13.275 13.115 5.6177 5.216 -5.6019 -2.9307 -4.7442 55.61 -1.6713 8.9342 15.717 4.3767 9.1205 -17.984 4.5911 -4.1795 57.61 -1.1986 10.816 13.036 4.9742 6.5519 -16.748 -5.5786 -3.0962
87.926 -5.141 -1.3642 25.081 3.4546 5.1483 -35.746 -3.5918 -7.3121 74.087 -1.7513 4.6715 23.579 3.7594 9.4899 -28.468 3.8534 -4.601 84.316 0.77308 9.321 13.208 3.7808 8.3333 -7.2274 1.9625 3.204 76.001 -2.4115 4.4149 21.64 3.134 9.0092 -25.604 3.2845 -5.912 63.105 -5.1043 16.204 11.691 6.1738 3.5422 -16.506 -8.926 3.5863
76.697 3.1908 3.4779 22.309 3.6018 2.7963 -31.447 5.8209 -1.8432 79.272 1.1781 -0.089108 22.879 1.3811 2.2901 -32.409 2.1355 1.9196 81.936 3.0095 4.9039 6.7817 1.8286 4.2798 -7.6525 1.1222 2.4245 82.099 1.3088 -0.25801 18.496 1.7243 1.7834 -29.146 3.1822 -1.6809 83.053 1.4834 1.3978 16.409 2.9161 2.066 -26.971 5.3269 3.4199
62.454 -6.7618 18.769 19.651 6.4792 8.3428 -23.768 -3.6397 -4.0269 67.094 -2.8573 18.379 20.74 5.7059 8.1488 -25.585 -5.9828 -2.0163 69.955 0.19781 22.483 10.681 4.3252 12.369 -3.3374 -4.9691 -5.3888 69.76 -6.3243 8.1126 16.452 6.3659 8.987 -23.663 5.4274 -4.6719 67.728 -3.587 18.281 12.349 7.2238 12.937 -17.207 5.2819 -9.3194
62.604 -12.68 21.293 19.426 18.251 12.447 -21.641 20.955 9.044 66.186 -10.147 22.577 20.084 14.915 14.615 -24.319 16.98 10.512 68.448 -7.3333 19.184 13.502 11.974 10.489 4.9321 9.416 11.557 59.924 -17.482 23.777 19.741 12.185 11.674 -19.694 11.097 10.09 58.179 -16.118 19.854 15.227 9.2481 12.479 -13.3 -11.188 12.581
70.444 -2.1292 8.4324 22.582 3.7239 4.6652 -27.554 -2.381 -2.312 67.821 -0.96389 10.441 19.741 3.5304 5.3666 -25.989 2.8302 -4.5537 70.308 -4.1822 14.438 10.8 1.4604 4.55 -6.9566 -1.1638 2.8904 66.622 -1.7856 12.476 19.43 4.1576 8.3414 -21.394 4.0403 7.4587 67.779 -5.6495 6.9066 15.268 5.2459 6.4054 -17.665 -8.2553 6.7552
70.084 4.4752 15.302 23.105 4.7965 8.0492 -26.123 6.4295 5.2912 58.85 3.4591 20.016 18.08 4.0675 8.4537 -21.984 2.9588 7.9255 70.131 2.483 17.844 17.355 3.1963 9.0162 11.226 2.3513 9.6996 71.641 1.9816 11.519 21.795 3.9526 7.9029 -24.611 3.5227 9.6385 63.145 4.2406 20.983 14.723 6.2759 9.032 -15.662 9.1253 10.832
60.911 -2.5372 6.9635 18.412 1.8164 3.0836 -24.777 1.2874 -4.2709 60.789 -1.6541 8.5898 17.708 2.2915 3.198 -24.046 3.0345 -4.243 66.889 -1.1735 7.593 11.433 2.3347 3.3906 -10.097 -1.6234 4.4693 59.694 -1.5111 8.0889 16.084 1.9742 4.509 -21.668 -2.6351 3.9198 64.178 -2.2848 14.645 14.818 3.4992 6.9072 -18.76 -3.8481 5.9507
68.652 5.5541 10.629 20.901 4.9246 4.1843 -27.101 4.8808 -4.3741 72.465 4.8383 5.8226 22.23 4.6177 5.5419 -28.977 -2.1252 3.2926 74.686 6.8646 13.042 13.98 4.378 8.6982 -10.946 -4.0953 7.849 73.251 5.6082 7.6711 19.799 7.1449 4.5507 -24.67 3.2066 -2.5743 60.997 -1.2161 7.5917 16.816 6.4295 6.5538 -17.223 3.6581 7.4735
65.51 -5.4977 -3.9205 20.535 4.17 13.919 -25.091 2.6601 8.7563 55.111 -6.7076 7.4962 22.242 5.0671 13.897 -16.679 -2.9768 -5.197 76.517 -0.85065 6.6894 10.804 5.4506 17.019 -8.2943 -3.2367 8.0704 65.693 -5.3421 -3.3271 17.594 2.9541 9.4766 -23.125 4.3154 5.8663 71.192 -7.2549 1.1122 17.395 6.6105 14.012 -19.379 -5.6731 13.499
59.217 -12.12 -2.4114 16.973 3.8088 3.7954 -23.094 -2.4587 3.2554 65.712 -7.8766 -6.124 18.013 3.2341 3.7413 -25.536 4.1878 2.5542 65.739 -8.8873 -4.4156 13.944 3.6424 4.7967 -14.309 -3.7487 4.7322 66.223 -9.242 -6.6742 17.004 3.8442 3.4717 -23.256 4.0886 4.2344 68.304 -10.229 -7.1338 10.635 3.2705 2.4303 -17.167 -5.1983 2.5148
47.426 -14.048 2.6293 15.185 5.6758 2.7006 -16.982 -2.0683 2.3176 62.281 -7.6946 0.64613 18.123 3.1844 1.1161 -24.905 3.8016 -0.8781 71.425 -7.1439 0.73791 6.6337 1.3016 0.65051 -9.0574 -1.9537 0.90824 61.857 -9.0855 0.96906 15.804 3.1512 1.2488 -21.864 -1.9231 -1.1877 65.256 -9.4872 2.3824 11.054 6.523 3.9722 -17.482 -10.818 6.6629
52.555 -12.212 -3.7814 14.094 3.5286 2.5329 -20.276 3.9954 -3.1561 63.475 -7.5818 -2.683 18.509 3.7097 2.364 -24.4 3.7188 -1.637 65.965 -8.5132 -2.2595 9.8766 2.8846 2.7648 -12.099 -3.9044 3.8691 60.227 -10.554 -3.7653 15.552 4.4619 1.9256 -20.982 1.3114 2.2432 64.809 -9.5076 -1.942 10.57 5.0267 2.5042 -16.862 -8.3922 4.3603
53.277 -11.852 -3.7555 14.305 3.416 2.7146 -20.596 4.846 -3.1615 61.82 -7.7913 -2.9308 18.126 3.53 2.6985 -24.044 3.998 -2.1433 65.853 -8.4343 -2.3426 10.604 3.1378 3.1822 -12.183 -4.1504 4.4374 61.483 -9.81 -4.1218 14.904 4.0418 2.0583 -20.931 2.9127 -2.673 65.589 -9.2866 -2.2731 10.837 4.9503 2.4205 -17.318 -8.1791 4.2269
71.186 0.31845 17.778 15.992 6.1721 5.2598 -24.545 6.8125 -4.4018 69.309 0.5758 18.402 19.652 6.4093 6.5594 -26.805 3.0438 -5.2066 70.865 10.704 22.765 10.907 9.4283 5.8629 -9.4231 -5.4185 4.3614 74.381 1.1127 18.112 13.284 6.197 5.5666 -20.148 6.1972 3.0458 65.329 2.4574 19.407 20.764 5.0299 9.3327 -26.089 -2.2404 -8.4723
70.348 4.6521 20.607 19.003 5.1634 5.0973 -27.343 6.9649 -7.172 69.615 4.9303 21.383 19.231 5.4504 6.9586 -26.948 4.2673 -7.8773 74.899 5.2883 23.049 7.7785 6.064 5.1874 -8.7009 5.8831 5.4285 69.674 3.3325 21.514 18.416 5.0396 7.9794 -24.812 -4.029 -5.7456 66.419 -1.5411 21.632 13.553 7.4554 6.9206 -16.751 5.2355 7.9479
65.828 -11.06 -10.768 17.827 3.1356 3.0694 -25.648 4.0988 3.2319 71.551 -8.2336 -6.5352 21.194 4.2649 7.3482 -26.888 4.3329 7.5616 76.857 -4.6974 2.2622 9.288 5.1183 11.341 7.313 -2.4823 2.9614 70.244 -8.9572 -5.0211 19.525 5.0656 9.3874 -23.192 5.6114 9.1979 79.982 -5.0455 1.0178 16.889 5.8608 10.434 -21.526 5.8644 7.4728
71.669 0.62845 5.2653 22.681 3.6061 5.106 -28.861 5.5278 5.2145 77.509 -1.86 3.5092 22.369 2.5571 3.7637 -30.688 2.897 -1.725 76.137 0.39726 9.7067 9.6978 2.5126 6.378 -7.5438 -1.4866 -3.2947 74.866 -0.64123 5.0083 19.288 2.5737 4.7075 -26.168 3.6259 5.3838 75.997 -3.0417 4.5777 18.36 4.8461 6.5124 -23.512 -7.2977 3.6848
68.249 -9.1334 3.1657 23.393 4.3385 12.257 -26.609 -4.3022 12.349 51.665 -6.9369 16.513 19.15 6.9473 9.8266 -18.715 5.2378 4.7873 73.294 -1.1156 14.337 12.818 6.3703 9.7798 -6.3001 3.7506 -4.7861 73.503 -1.8194 6.9537 20.402 5.6536 10.251 -25.258 4.8847 7.5604 75.938 2.2736 13.682 17.368 6.4737 8.7503 -21.59 8.3031 8.791
66.492 -1.6813 -0.17264 20.38 4.488 6.9213 -26.735 3.3454 -4.1092 73.929 0.86419 -0.86701 23.038 4.5333 12.577 -28.19 4.9232 9.1528 73.612 1.1621 3.0399 14.893 3.694 13.825 -6.0611 3.1148 7.5216 84.528 -0.45438 -1.2889 23.333 3.6554 7.2235 -30.279 3.2788 -3.7037 90.275 1.0361 3.3982 19.559 4.0843 6.2794 -27.996 6.4442 -2.734
49.755 -8.5339 9.2691 15.047 3.4681 3.4114 -19.416 2.9426 -3.9068 57.94 -5.0818 6.6257 26.602 5.5938 5.7119 2.1933 3.7379 3.8256 67.614 -0.20726 11.183 15.863 5.578 5.6912 15.618 -3.7804 -3.7626 67.55 0.19247 8.7807 24.196 4.7434 6.3763 -19.323 4.1388 3.3761 94.619 1.2122 2.1601 17.957 4.7031 4.0133 -29.128 7.8628 4.1031
69.388 -3.3139 -9.3365 19.916 4.0374 4.2531 -27.188 2.8872 -3.4775 76.652 1.0746 -0.72646 23.752 5.6902 8.1239 -29.608 2.9279 8.0041 66.434 1.1058 11.483 16.642 4.5826 10.797 15.937 3.9218 -7.5574 87.285 1.1158 0.56118 21.867 3.967 4.352 -30.751 2.6395 -4.3854 84.982 3.0728 4.3098 20.635 7.0606 6.4668 -26.425 10.295 5.2445
74.618 0.036753 -7.544 23.564 2.8888 9.4283 -29.439 2.3178 7.7202 84.606 1.2311 -3.0765 24.341 3.5066 6.1337 -33.204 3.7561 -5.872 67.25 2.8668 11.466 13.514 5.2653 8.1311 13.004 3.0013 -8.0722 83.13 1.22 -2.2877 22.502 3.6086 8.1443 -29.812 4.0283 8.9685 83.879 1.5546 0.8984 20.092 4.9758 8.3893 -25.651 7.339 -6.6134
63.134 -4.056 7.4908 14.591 2.4953 4.7263 -22.227 3.208 5.7882 59.929 -1.0349 22.315 17.545 5.0334 11.15 -23.032 -2.5435 8.4616 65.463 2.3525 19.804 6.7703 3.119 7.0568 -5.0884 -1.708 7.7465 63.233 0.57895 15.293 12.518 4.8897 9.7934 -18.324 6.2808 8.5063 60.803 1.1717 22.115 17.67 3.612 8.5556 -23.409 4.5331 -6.8035
57.348 -0.98167 15.255 16.676 6.6645 11.64 -22.201 5.5434 10.617 56.658 -5.7462 9.6276 16.147 4.3852 10.661 -21.757 4.495 9.8148 60.631 -2.3999 23.66 10.981 7.0983 10.269 -10.057 -6.137 11.324 53.029 -5.1056 19.157 14.583 7.2719 13.443 -17.17 -4.5582 10.305 57.112 -9.2238 23.285 10.384 7.6932 9.6309 -14.018 -10.359 3.1449
63.273 0.061457 11.35 17.91 3.9675 6.2119 -25.403 6.0911 6.4546 62.865 -1.01 14.131 17.296 3.646 6.6024 -24.527 5.0498 4.6948 70.656 0.6644 16.886 4.961 2.2943 6.3428 -4.2389 2.3434 7.0009 65.436 -1.2813 13.841 15.188 2.4048 6.507 -22.726 3.566 6.4608 66.825 0.35512 21.464 13.444 4.6067 6.7177 -17.24 6.6014 7.8032
65.845 -2.6841 -1.3666 19.243 3.4661 4.0335 -26.92 -1.4387 3.8998 69.372 -0.56454 -0.34075 19.841 3.2691 3.4746 -28.004 1.7256 3.1845 77.322 2.2458 4.2747 5.8442 3.3395 4.7736 -5.6007 -3.3185 -3.6574 67.386 -2.3731 -1.9728 16.063 3.0904 4.6643 -23.546 2.0185 4.6864 70.47 -1.5908 -1.9866 13.882 3.2514 2.4747 -22.265 3.326 -2.8313
74.735 2.2569 -0.3691 21.736 2.628 2.4427 -31.022 4.0801 2.3983 71.819 1.6041 -1.7101 20.154 2.9448 4.4791 -28.673 2.1627 2.5594 74.207 0.94875 -0.67202 5.7614 1.8532 3.3224 4.9031 1.9564 2.8129 71.017 0.55376 -2.0573 18.389 2.7762 3.9343 -25.843 1.7182 5.2423 71.041 1.2755 -0.83545 14.995 4.1899 4.4275 -22.62 6.2574 4.7045
60.977 -3.563 0.2817 17.805 2.4145 1.7692 -24.904 -1.9151 -1.8007 64.773 -0.98103 1.547 18.903 3.9546 3.463 -25.712 3.7641 3.0255 74.538 1.6713 3.5313 7.6103 4.0985 4.9392 3.5065 3.1393 5.0523 62.855 -2.3156 0.94868 16.735 3.0783 3.803 -23.174 -3.5319 4.5011 65.904 -1.6495 0.83934 13.454 4.1442 3.808 -19.808 -5.0299 -3.1843
58.959 -8.4644 -10.373 15.89 4.252 7.2801 -22.524 4.5882 -4.058 61.042 -10.08 -6.0971 18.315 7.0269 13.789 -22.974 8.1987 11.18 74.726 -4.6515 -2.6558 6.1824 7.1618 17.648 -5.1121 5.6515 13.512 63.508 -8.4733 -8.5609 15.726 4.6615 10.368 -21.799 5.906 11.046 67.136 0.21586 12.813 14.428 5.4329 5.8464 -18.947 6.7274 4.139
70.031 -15.068 -19.541 17.608 5.1996 2.8112 -25.618 8.2041 -2.9751 72.256 -15.282 -17.628 18.574 4.2071 3.5317 -27.369 6.4276 5.2395 68.835 -8.6056 0.28087 9.6739 6.7189 16.547 -7.8346 2.033 -1.9975 68.006 -11.821 -8.2965 16.419 6.3224 14.668 -23.03 6.3412 14.039 67.961 -7.2835 3.5169 14.964 5.3927 11.546 -18.927 -5.5948 -9.3394
79.122 -1.8559 1.5916 26.292 4.2372 6.731 -33.057 4.0221 8.5016 67.853 -1.178 17.157 19.606 5.7232 10.205 -25.72 5.3814 -9.8726 60.281 3.4095 20.17 14.509 7.3025 7.0357 -10.198 -3.6627 6.8184 66.489 -2.0301 15.905 21.408 5.5305 9.1831 -23.774 -4.8624 -8.2067 60.929 -6.7792 24.469 12.877 6.9725 7.1705 -15.988 -6.3154 7.9233
62.711 3.3267 15.569 17.787 4.2622 4.2547 -25.163 4.8875 -5.3474 55.544 8.0905 25.175 17.181 7.5062 11.536 -21.615 -4.1253 6.49 66.469 6.7476 19.95 14.161 5.8728 7.2143 3.5265 -4.2257 2.5152 57.54 0.76809 12.036 15.988 4.7617 8.8565 -19.774 3.1198 -6.5663 42.292 -3.3565 12.19 10.547 11.325 12.274 -9.7911 9.3243 12.864
70.774 -0.82699 9.8854 25.55 6.5916 6.9418 -26.857 7.5839 3.1496 55.406 -10.256 9.6028 21.897 7.704 6.0519 -17.762 3.1485 3.4007 54.3 -7.667 15.292 12.125 4.5064 5.147 15.891 -4.2523 -4.4575 67.885 -6.0004 8.0419 18.859 5.6039 5.8353 -24.313 4.5286 5.8411 67.19 -5.8704 9.8501 18.615 7.9587 7.0968 -15.954 -7.4863 -2.9409
74.645 8.7784 15.49 21.597 7.1747 9.2292 -29.271 -4.8007 -9.8557 73.042 -2.0968 -4.9188 21.16 7.1073 11.935 -28.638 8.6478 14.789 58.673 8.2274 21.071 17.31 9.8181 13.204 10.157 -8.9007 2.9218 71.147 -0.20462 -0.35703 21.011 8.0684 14.77 -25.549 7.8017 13.671 63.911 2.9937 6.3937 14.527 10.623 16.021 -17.264 11.932 13.503
64.235 6.9055 13.587 20.256 4.4247 6.188 -25.293 6.0197 7.7759 67.494 5.3886 11.986 19.145 3.8672 5.4374 -26.027 5.0651 -4.6089 72.701 5.715 13.457 7.4711 1.7934 3.771 -8.5539 1.0586 5.2967 65.898 4.8537 13.05 17.895 3.6045 6.1355 -22.905 3.736 7.349 69.463 5.3111 13.313 13.53 5.5495 4.7934 -19.6 8.9776 6.1995
62.068 -1.3614 16.738 15.209 4.1554 5.8437 -21.725 2.6193 -6.0375 62.762 4.6206 16.209 19.706 7.2671 7.5237 -23.784 -3.8117 5.0659 68.476 4.0223 18.385 11.461 4.9582 5.8581 -1.9216 -5.3953 5.5483 68.54 4.5975 17.727 14.343 7.401 5.9413 -18.233 9.3157 6.2246 70.364 7.6494 18.102 21.461 3.9421 7.8321 -26.992 3.5937 1.968
65.457 8.569 14.009 18.434 4.6646 3.9844 -25.378 6.8453 -4.5923 72.73 8.5796 15.198 20.105 4.3449 4.9533 -27.838 5.4354 -6.2656 71.837 7.2117 15.842 11.816 2.4181 4.1734 -10.433 -0.58944 3.2882 73.177 8.4316 15.658 19.154 4.1173 5.0846 -25.183 -3.1581 3.7563 73.707 9.7122 19.215 15.154 7.4318 5.9465 -18.817 11.778 8.0173
76.507 -3.4295 -12.469 21.115 2.6717 4.0188 -30.481 4.2429 -5.4469 60.608 -2.4525 2.8042 22.377 4.5282 12.068 -22.235 4.069 -5.3403 61.085 -3.0719 3.8153 17.2 3.724 10.181 10.638 -2.2386 -7.8301 57.092 -5.2737 3.0925 22.221 4.7393 11.314 -17.551 2.6836 2.6276 62.837 -8.4033 15.369 15.389 8.6272 5.9042 -17.198 -12.038 6.5413
61.391 -7.3164 12.563 17.696 6.4105 3.3311 -24.506 6.138 -5.0026 61.364 -6.5984 12.197 18.702 5.5873 5.2938 -23.644 2.9322 -5.852 65.295 -3.5184 13.203 11.046 5.5358 4.3583 -9.5407 -4.1041 3.7573 59.598 -6.2023 12.527 17.868 5.0186 5.3651 -20.424 1.9922 -4.5471 69.702 -9.2099 15.585 12.067 6.5242 3.6446 -18.307 -10.498 3.8114
60.411 9.3164 21.421 17.167 8.2005 15.38 -22.402 6.3364 -8.9041 67.681 0.61747 1.2153 23.454 5.8626 7.7903 -25.599 2.1955 5.1952 65.388 7.59 18.363 11.967 6.511 8.3592 -4.2841 5.3493 5.6376 71.471 15.017 24.431 17.747 6.5764 16.211 -23.398 -4.7635 -9.9902 78.078 6.6574 4.7867 16.621 6.6325 5.6997 -22.581 10.203 7.5843
52.914 -3.4261 3.5424 15.386 2.6921 2.4504 -21.551 1.4318 -3.4626 58.251 3.8512 10.518 17.674 7.1945 10.139 -22.188 5.8439 8.8769 61.471 5.6793 16.692 10.434 9.3661 14.19 -5.4821 7.189 14.122 54.244 -1.9628 6.9038 14.405 4.2798 5.4757 -18.417 3.6732 7.107 56.741 0.15038 5.2699 15.866 6.724 5.6402 -17.058 3.9093 2.1315
78.585 -3.5933 3.8227 23.138 3.3044 6.188 -32.5 4.2151 9.0809 80.681 -3.565 4.5315 22.398 3.3729 6.2446 -32.271 4.1268 9.346 77.654 -0.537 11.34 13.034 6.7287 13.188 -11.592 5.4896 12.431 82.209 -3.7994 2.7947 19.987 3.4448 3.5361 -29.584 5.8767 5.56 84.188 -5.3439 4.3059 14.959 6.5434 3.44 -24.686 -10.952 5.7004
