47.101 -8.8063 -2.7451 14.771 3.0489 3.0245 -17.158 3.5435 -2.0557 48.152 -9.1336 -3.5806 13.054 5.1123 4.9728 11.539 2.6921 3.916 68.849 -0.67609 5.7654 12.486 4.6925 4.3586 6.876 3.8523 -1.6144 47.477 -9.0346 -2.8843 14.95 4.1618 3.7956 -18.171 5.1278 -3.6779 40.889 -6.5568 -4.8867 10.583 3.9482 3.4672 -13.786 1.9747 3.5999
55.84 -13.551 8.1375 16.706 5.8745 4.3521 -20.491 -3.7986 -3.7066 61.882 -3.2849 8.3098 21.671 9.5262 4.6434 -21.512 6.5653 -5.8262 71.219 1.258 6.2758 13.707 5.9637 3.2732 -9.1189 -5.8944 -1.1171 67.198 0.68921 7.8591 19.008 8.7578 4.1215 -21.33 -4.2354 -3.69 70.349 6.6558 9.6784 19.153 8.5914 7.1136 -16.642 12.512 9.6896
72.677 0.33014 1.4751 22.454 4.1183 3.226 -29.284 4.1429 -2.1554 72.445 0.82459 0.65325 21.997 5.0786 4.3227 -28.142 6.3244 2.5497 73.268 -1.9761 -1.5825 11.702 3.8278 3.875 -7.996 3.9197 3.853 75.365 4.2125 5.4592 22.187 4.2652 3.5388 -27.318 -4.6937 -2.4265 75.088 3.2554 3.8985 18.023 6.4992 4.2506 -22.02 9.231 6.5085
66.74 -2.5149 8.7185 22.409 7.1416 6.0986 -24.363 -5.1816 2.7172 64.547 -3.2965 6.5372 22.401 5.8579 6.4261 -21.427 -4.0553 5.6613 71.087 -0.35385 3.9146 12.193 2.9495 3.2492 11.712 -1.6272 3.2849 61.361 -1.2841 5.1045 19.636 4.1055 5.3909 -19.699 -4.1611 5.198 74.439 2.3392 5.3899 20.241 6.4328 6.1601 -18.174 8.9964 8.2665
71.864 -2.0397 10.343 22.92 7.4246 4.9664 -26.595 -5.7359 -5.0584 64.63 -5.4107 8.5137 16.567 8.8944 6.7097 -15.962 -12.117 6.6178 70.473 -1.2502 6.0023 15.021 4.5032 4.3191 12.484 -2.3389 1.829 65.111 -3.121 6.3507 24.035 6.8831 7.2564 -23.099 -4.2344 3.2883 53.455 -3.4417 1.0671 18.974 5.4881 6.5354 7.4564 5.0616 4.9849
60.072 -8.7633 9.3958 19.349 6.5421 6.1702 -21.869 -5.7384 2.9144 58.498 -0.29115 5.3031 19.443 5.5115 4.5513 -21.332 4.422 -2.9531 72.298 3.2891 6.9346 14.134 5.5026 4.0494 4.896 -4.3394 1.3679 55.035 -1.8554 3.574 17.306 5.3794 4.281 -17.307 1.8347 -2.9723 71.3 6.0695 8.2243 19.014 8.2508 6.2586 -18.434 11.134 8.566
58.49 -6.3121 7.3883 19.634 7.4861 5.1516 -20.108 -6.0463 -4.355 65.914 1.324 6.3786 21.759 6.4713 4.3144 -23.718 6.6532 -3.8997 73.402 2.2033 7.4464 17.306 3.8765 3.5577 -6.7591 -1.922 1.4645 75.008 2.8686 8.1936 22.381 4.1803 3.7793 -26.697 -3.9736 -4.7959 78.518 6.0277 11.001 18.619 7.8845 6.0187 -20.937 11.612 8.4016
68.136 -8.4579 4.0095 21.116 6.7014 5.0485 -24.467 -7.904 4.3544 59.437 -4.3309 3.4545 19.289 6.2444 6.4004 -21.062 1.372 4.954 69.778 0.12209 1.9197 15.671 3.0052 2.9061 13.861 1.6272 2.2655 63.39 -0.41565 3.9543 20.237 5.1128 3.2167 -20.696 -3.6096 -2.8008 67.586 2.6564 4.4968 19.514 7.6561 6.5465 -15.706 10.997 8.3995
59.198 -4.5904 2.7474 21.386 4.0455 6.2971 -20.403 -2.2771 2.9189 63.958 -1.1918 2.7964 20.421 4.9267 4.3503 -22.987 5.4055 -2.3311 72.549 -4.6778 -2.523 9.8686 3.0847 4.6798 4.5084 2.6527 4.3131 60.587 -3.0644 0.60231 20.604 3.7797 4.4232 -18.879 -1.1223 2.1505 65.611 -3.7544 0.085897 15.685 4.7447 3.4236 -18.771 3.5677 4.4123
68.834 -3.2247 9.4189 22.619 7.9015 5.6226 -25.457 -7.1684 3.6788 59.691 -2.8198 3.456 18.794 5.1704 5.0976 -21.687 5.4519 3.7715 70.402 -0.2416 4.2553 14.208 3.3738 3.9023 12.543 -3.723 3.9417 64.205 0.53557 7.5134 19.788 6.3899 4.875 -21.386 -6.6494 2.8576 76.263 3.6488 6.6529 21.278 6.8345 5.8985 -21.119 10.503 8.4673
70.185 -2.3623 5.5852 23.221 6.4088 4.4095 -26.66 -6.0193 1.4336 71.102 1.8274 5.8937 22.733 5.5245 4.8246 -26.694 5.1949 -4.5235 71.359 1.7454 5.8763 16.029 3.0877 3.4955 12.92 2.3131 2.4688 58.963 -2.7693 2.068 18.649 3.8583 3.2489 -19.28 3.1684 -1.3735 62.237 0.1571 4.9914 17.35 6.6685 5.2345 -13.14 7.3512 6.2954
65.173 -6.6023 5.8359 20.403 6.3992 3.9065 -24.891 -4.7768 -3.1647 64.747 -1.6768 4.1806 20.639 4.6898 3.0531 -24.003 -3.096 -2.8519 72.462 -4.0145 0.60861 10.568 5.1545 5.6512 -2.8573 4.1179 4.4424 65.458 -1.9962 2.5726 16.497 4.55 4.4718 -21.695 5.5294 -2.1653 68.656 2.3453 5.1408 15.758 6.0845 4.594 -18.691 9.7333 7.2103
75.642 11.327 10.595 21.945 7.0675 4.9487 -28.338 7.3283 2.8615 51.715 -1.0987 3.0858 18.263 7.9152 6.0414 -15.383 6.4966 -3.322 75.687 4.8434 8.0332 16.479 5.4456 6.5733 -9.7036 3.3003 4.5108 77.386 10.482 11.395 20.507 4.4428 4.2437 -27.393 -4.5228 -6.6883 62.691 -1.1611 5.2764 23.936 10.451 8.7262 14.584 -7.7306 9.5195
68.13 -5.4016 5.9959 20.54 6.8766 4.515 -26.052 -6.0032 6.1736 64.221 -4.6258 2.7799 18.384 5.9095 4.0295 -23.876 5.9688 -3.4215 71.8 -0.72879 1.0561 13.061 4.346 4.851 12.04 3.4085 3.2159 64.561 -0.23374 3.3261 20.457 4.6 4.1248 -21.22 -2.1423 -1.8833 68.579 1.5513 1.3383 15.86 6.4744 5.2575 -18.772 9.6908 7.5441
59.422 -6.3527 4.5733 17.822 4.6888 3.4246 -22.266 3.9373 -2.8132 64.324 -2.5295 4.6384 16.109 7.6482 3.717 -16.546 -7.9757 5.3204 67.409 -1.5551 3.0229 11.411 5.867 5.2833 7.6554 4.4711 4.6101 55.992 -3.6144 -1.0817 18.058 4.0274 4.8324 -21.825 4.1498 -4.594 58.526 1.0514 3.6617 17.054 3.9499 3.6309 -19.405 2.7091 -2.2213
43.771 -5.4598 -5.1418 14.378 3.7003 4.8138 -15.741 3.7548 3.6237 56.204 -1.0752 2.5948 19.64 5.9734 7.5982 -19.243 4.2617 -4.1832 65.771 -2.5463 -0.65065 15.767 4.1258 4.752 15.276 2.1381 2.5025 59.028 -1.2205 1.9161 23.079 4.9995 5.9395 -13.367 2.7258 -2.2584 75.243 6.0355 9.8603 18.068 7.3569 6.7716 -18.546 10.294 7.2107
60.586 -6.6541 -1.7689 21.248 4.6494 4.2369 -22.564 2.0332 -3.5158 59.016 -8.3376 4.7882 20.487 6.2291 8.0108 -21.593 -4.5016 6.8293 67.415 -1.0759 5.6004 13.962 12.866 6.7643 7.2128 15.919 6.9945 64.512 -9.7915 6.8487 19.028 7.2211 8.5806 -22.392 -5.0047 7.0574 71.268 -17.106 16.253 13.552 10.262 6.5324 -15.863 -14.058 7.3007
61.422 -8.4394 0.47307 17.721 3.1759 4.6551 -24.544 1.6044 3.6874 63.932 -2.6487 9.2668 21.202 20.787 9.0847 -24.492 25.48 7.7038 68.532 -6.9664 9.6521 13.738 21.513 9.8311 -9.4189 27.68 3.0255 67.005 -13.448 10.127 16.826 6.3753 6.9913 -22.22 -4.1658 -1.776 65.412 -11.543 7.8112 15.009 14.889 9.584 -11.812 -6.1247 10.396
67.849 -21.629 -19.643 17.633 6.6927 3.6169 -24.253 9.9046 4.8804 64.025 -20.209 -16.735 19.473 6.8704 5.538 -25.052 9.2466 6.9381 66.889 -13.445 -13.105 15.548 15.705 11.513 -12.765 20.2 12.338 70.377 -21.691 -19.146 14.969 5.4232 2.6443 -23.452 8.7862 4.5402 71.271 -18.904 -16.044 10.754 7.5563 9.5785 -14.777 9.2987 11.045
66.184 -22.046 -18.418 16.462 5.7277 2.274 -24.004 9.1273 3.4868 65.543 -21.866 -17.715 16.965 6.5875 3.5096 -24.489 9.8597 5.4026 69.002 -20.134 -16.355 8.2114 9.5203 5.8236 -10.506 15.658 8.5364 64.525 -20.199 -15.691 17.441 7.5575 6.4207 -23.69 10.081 8.2071 70.804 -22.87 -18.911 8.0678 2.5913 2.9529 -13.421 5.1062 -3.3788
73.962 -6.4 7.9874 22.167 8.2101 6.7065 -30.196 10.41 -3.7948 64.6 -6.2275 3.343 22.897 5.4714 7.7593 -24.635 1.5211 2.323 68.106 -4.4731 5.2841 17.041 10.322 8.2761 -5.816 12.367 6.7117 68.806 12.159 10.852 16.592 22.687 6.2298 -23.267 15.583 -4.6083 62.841 -8.0246 -2.1426 15.86 12.029 9.6336 -11.182 13.728 11.12
69.78 -16.477 -9.3489 20.404 6.0211 3.4388 -26.008 6.8523 4.5023 70.689 -11.61 -6.9521 21.303 6.9358 4.3845 -26.197 5.8085 3.5403 80.931 -8.8232 -4.8103 16.93 7.3504 4.1051 -14.663 -4.8236 -2.3289 73.359 -14.098 -7.6351 20.043 6.2352 4.1502 -26.067 5.0203 5.3219 60.87 -9.4394 -3.9879 16.363 5.9909 4.2599 -13.724 -6.3702 -3.4946
69.844 -10.25 -6.7293 22.953 6.7794 2.7745 -27.267 -2.1939 2.9247 70.86 -10.05 -6.8238 19.67 4.6849 2.5306 -27.42 4.1413 1.8089 77.892 -8.2612 -6.2835 10.864 6.0084 2.0747 -6.8612 -3.715 2.3557 57.032 -15.092 -7.6318 16.857 7.613 3.2312 -18.174 7.7684 4.1814 61.715 -16.169 -8.6075 14.301 5.9039 2.6802 -12.046 3.0396 -3.2823
59.756 -21.084 -20.24 16.332 8.0909 5.2333 -20.961 10.236 7.4589 58.752 -23.513 -21.659 14.689 6.3497 3.9837 -21.695 9.2593 6.6789 66.384 -19.345 -16.871 8.0074 8.2237 8.4348 11.098 8.1969 8.2693 57.964 -19.344 -16.88 15.703 9.8708 9.0462 -20.679 10.972 9.8679 62.085 -23.954 -22.212 7.1771 4.535 4.1843 -10.482 7.0227 4.8184
83.294 -14.555 -12.806 22.115 3.9744 2.6363 -31.946 6.3712 -2.5525 76.398 -13.838 -13.504 21.828 5.309 5.1881 -28.84 6.5023 6.8816 80.376 -13.092 -11.699 11.761 4.8226 6.0414 -12.111 5.3105 6.5381 74.986 -14.283 -13.323 21.387 4.7505 5.8309 -27.687 5.7631 7.8751 63.197 -20.363 -17.363 8.15 3.4608 3.9955 -12.243 4.7766 3.445
67.599 -22.523 -21.327 16.888 8.1833 6.299 -23.653 11.368 8.6102 68.849 -22.945 -21.17 17.322 6.8923 4.2525 -25.649 10.676 6.9901 69.071 -17.465 -13.319 10.095 8.7637 10.53 -8.1894 7.0446 7.6506 69.097 -22.656 -19.648 17.386 7.1109 7.3324 -25.131 10.676 10.323 72.575 -22.985 -20.947 9.7144 4.3506 5.9286 -14.15 6.1766 6.967
54.019 -20.206 5.8498 14.83 5.3996 3.9502 -19.906 4.6443 3.7795 61.339 -14.798 7.4075 17.772 6.5802 4.8401 -23.322 6.0771 -5.0903 69.917 -12.213 7.0659 9.6071 5.7952 5.4806 6.1819 3.9269 -4.2478 59.625 -13.463 7.6663 16.49 6.8042 4.9837 -21.155 7.1797 -4.6375 66.835 -13.992 9.3977 12.206 6.6721 4.1054 -18.084 -8.8545 4.3608
57.331 -12.489 7.0707 16.514 4.5061 4.1642 -21.716 -5.2146 1.9073 62.876 -10.678 5.4926 18.344 6.1378 5.2957 -23.481 4.4247 -4.5273 66.056 -8.0947 3.4031 13.745 4.6775 4.1716 13.328 -2.7955 5.2692 62.66 -11.273 5.9588 18.479 5.1083 5.0255 -19.949 5.2005 -3.4917 75.561 -11.803 9.1672 14.805 9.6557 6.7448 -19.424 -12.765 7.8362
56.156 -11.748 5.6047 16.031 5.8285 3.3898 -21.142 5.6139 -3.5109 58.012 -7.4621 4.6475 11.248 7.5999 4.4303 -15.685 -10.622 5.9998 66.013 -7.0372 2.1508 11.448 4.9064 5.3182 8.4513 -5.2193 4.669 53.898 -13.331 5.6837 15.791 6.7186 4.5247 -20.778 -2.8889 -4.2255 52.674 -6.8044 1.2415 15.065 4.4068 3.6492 -17.944 1.8359 -2.4978
52.24 -15.766 4.3472 14.642 5.7828 4.1828 -19.935 -3.3502 3.3155 54.519 -13.381 2.9748 18.674 8.6536 6.3886 -19.803 6.8623 -6.127 68.897 -14.332 5.8403 11.291 7.2058 5.6627 10.465 4.195 -4.03 49.709 -12 0.013101 13.426 7.0384 5.7149 -15.888 4.1562 -3.0423 56.812 -16.253 3.3956 11.653 8.3068 6.7171 -13.479 -10.968 8.3725
72.558 -22.502 -22.783 17.421 7.35 3.0724 -25.496 11.578 2.8396 73.151 -21.22 -20.051 18.515 6.6463 3.814 -27.436 10.159 5.9799 71.715 -18.727 -15.117 12.668 6.2499 8.6621 -11.968 6.5576 8.3628 70.419 -19.635 -16.663 18.901 7.4093 7.5377 -25.606 10.17 9.3231 75.749 -20.175 -18.023 12.135 3.0619 3.9265 -18.088 4.1861 5.14
53.991 -20.981 8.6823 15.544 6.7287 4.4962 -19.357 6.6113 -3.8489 51.956 -15.536 5.2331 14.654 7.8905 4.6357 -19.508 6.5467 -5.0185 65.844 -10.405 4.877 13.155 8.4783 5.9295 11.811 -6.0962 2.5107 50.953 -13.834 4.9738 13.541 7.4826 4.0287 -17.46 6.0148 -4.2806 54.736 -11.742 3.5349 11.592 8.7647 7.2279 -12.817 -12.225 7.7729
53.492 -6.284 -4.0957 18.449 3.613 4.8693 -20.268 3.5182 0.71394 53.621 -5.6067 -3.4184 15.997 2.8848 2.7779 -20.301 3.4906 -3.1818 65.756 -4.2046 -1.6421 12.262 3.1756 4.1861 12.165 3.0622 5.8881 52.449 -5.849 -3.2839 15.621 3.5972 3.9028 -17.578 3.8387 2.5346 63.352 -8.1453 1.9274 13.365 7.1954 5.253 -17.359 -10.443 6.0647
56.241 -15.466 5.1576 17.364 5.478 4.3142 -20.017 -3.3786 2.926 60.392 -14.067 6.7564 17.581 5.5102 5.0247 -23.173 6.8513 -5.3088 71.63 -10.193 5.9198 10.182 4.9488 5.8487 7.4789 1.9804 2.9779 59.504 -11.173 6.0023 15.819 5.8071 4.2107 -21.352 5.0495 -4.9835 63.47 -15.377 8.3706 11.49 8.9054 6.4528 -14.84 -13.093 8.2496
66.509 -21.986 -17.405 16.252 6.3624 3.45 -23.651 9.7955 4.8133 67.234 -21.62 -16.148 16.983 5.7802 3.667 -25.166 8.8764 5.9574 73.018 -20.149 -13.932 4.6612 6.7794 6.9529 -4.1542 8.8156 9.0617 65.783 -20.623 -14.452 17.183 6.1765 5.5621 -24.212 8.5811 7.6213 71.704 -22.012 -16.125 8.7161 2.5184 2.8998 -14.389 5.1871 -3.5243
57.165 -22.694 12.527 15.414 5.8121 4.2632 -20.592 -4.629 -0.72198 55.746 -14.796 5.8042 16.598 7.1276 4.9543 -20.679 6.1535 -4.662 69.631 -10.085 5.7419 13.22 7.7548 5.9296 10.446 -6.0251 5.1537 58.443 -13.96 6.1627 16.827 8.6037 4.9087 -19.553 5.8522 -3.7918 64.621 -11.557 6.3914 12.478 7.6643 4.5825 -17.268 -10.803 6.7699
59.925 -15.4 -5.3311 16.167 4.1671 1.6922 -23.033 5.8413 1.551 62.155 -13.174 -4.7778 17.323 4.6507 2.94 -23.79 6.1395 -2.0003 67.434 -14.291 -4.4803 5.8899 3.4493 1.9206 -6.5488 3.4306 2.3452 60.156 -13.46 -4.3027 15.908 5.5934 2.5319 -21.829 7.3914 3.2573 74.538 -12.521 -6.1315 12.59 4.6644 2.8279 -18.127 -3.987 -4.8068
55.918 -16.954 -10.221 21.139 14.597 6.7044 -15.441 7.3315 5.1066 47.226 -27.221 -13.524 16.229 13.231 6.1591 -10.134 14.057 7.1872 74.963 -9.1808 -5.8844 20.452 12.372 5.7295 6.0413 -11.689 -4.7213 55.78 -18.774 -10.297 22.221 12.476 5.9995 17.401 9.7946 5.3813 48.621 -25.713 -13.381 9.1152 8.8195 4.2728 11.795 9.9886 4.9718
54.644 -15.986 -7.8995 15.537 4.4257 2.4752 -20.224 5.3457 3.0552 59.933 -16.096 -7.6116 16.409 4.9484 2.4737 -22.401 6.7959 2.8434 70.08 -12.291 -6.0423 12.346 5.6853 2.4023 13.024 5.4537 2.5079 57.487 -14.432 -6.6899 16.568 6.125 3.4542 -19.305 7.0811 4.288 74.873 -13.435 -6.1581 16.7 6.644 3.1705 -15.056 3.8525 -2.7814
52.845 -30.177 -19.68 13.086 8.5342 2.4044 -18.953 12.163 4.1894 59.99 -17.578 -10.883 18.878 16.057 9.764 -19.874 8.9064 7.1615 68.265 -15.54 -10.453 14.766 14.853 8.8784 14.63 8.2168 6.3629 52.526 -26.74 -15.222 14.312 13.329 8.6509 -18.167 15.072 10.155 73.924 1.3001 2.5982 17.267 9.438 6.8932 -21.726 -4.626 4.3174
68.425 -2.7568 2.1157 23.099 5.0675 3.8394 -25.76 5.0977 0.90247 52.598 -5.6868 -3.9463 21.096 3.9259 4.2373 -13.64 4.061 2.7448 72.543 -3.2397 -0.5953 14.075 3.3714 3.9087 4.0203 2.9045 2.7927 63.945 -2.8487 -0.39893 24.839 3.4911 4.1444 -20.157 -1.4825 -2.9578 53.767 -4.9664 -2.2334 16.466 5.1529 4.211 -9.1879 5.4711 2.916
53.532 -13.533 -9.1742 17.404 10.902 9.5452 -19.696 -6.4447 2.1997 65.1 -2.5605 0.24608 19.546 4.1714 3.6468 -24.724 5.2162 -1.3998 70.353 -2.6723 -0.18772 9.9198 3.8287 3.4518 -5.2158 3.6716 2.279 56.18 -7.3348 -2.9142 18.597 9.745 8.4167 -17.691 -10.65 -8.5853 66.868 -2.1779 3.4822 14.021 5.6499 3.8172 -19.657 -1.7386 4.6133
62.49 -13.546 -7.2931 16.768 3.6434 1.9355 -23.802 5.0819 -1.373 61.776 -13.146 -6.686 16.46 3.3894 2.6945 -23.543 4.8681 3.2133 68.151 -12.561 -6.4395 7.1973 3.6541 1.5047 9.473 4.5103 1.8782 59.868 -12.021 -5.8163 15.793 4.5755 2.9519 -21.847 6.1133 3.9356 63.169 -13.748 -6.8435 10.197 2.6641 1.6074 -15.906 -3.0542 -1.863
65.955 -17.554 12.363 19.637 7.4347 7.0559 -23.833 6.6406 -9.0474 75.17 -6.6535 4.7746 24.088 8.5133 7.2143 -28.23 -6.4415 4.5117 71.885 -12.816 8.4078 12.811 8.0485 7.6014 12.834 7.1403 -6.5269 60.521 -16.448 12.396 16.653 6.503 5.5652 -21.568 8.0359 -6.9332 73.066 -5.4351 4.6532 20.518 9.9031 6.4272 -18.868 -7.161 -3.122
57.724 -13.1 -6.6565 17.862 6.1887 2.2285 -21.296 7.6402 -2.5652 58.383 -15.612 -6.0469 10.971 4.4722 1.628 -12.466 -3.6137 -2.2382 73.697 -9.0138 -5.1393 10.767 5.368 1.8555 10.223 3.71 2.0064 69.513 -8.6306 -7.0835 20.889 5.4565 3.359 -26.547 3.0814 -4.5158 67.33 -9.203 -5.3443 19.806 5.098 2.9274 -24.064 4.4302 3.8517
62.372 -17.755 -8.843 16.836 5.2788 2.3818 -22.342 7.1755 -1.1383 61.337 -9.8873 -0.69424 19.401 6.9442 6.852 -23.76 4.8585 5.973 70.815 -13.723 -6.9508 7.1234 5.9328 3.4472 2.2961 6.0884 3.7084 69.044 -15.191 -8.1979 15.96 5.1577 2.2092 -22.681 6.9443 2.3822 71.057 -7.1646 0.95953 17.042 8.5396 6.5633 -21.097 -9.6357 6.7366
65.254 -18.431 -15.96 16.997 4.4776 2.492 -24.355 7.0458 3.8743 65.25 -17.308 -14.905 16.714 4.8767 3.2923 -24.596 7.4774 5.1396 73.162 -16.73 -14.451 3.5078 3.5511 3.4179 -3.8396 4.5999 4.4332 65.183 -16.197 -13.236 16.259 5.3697 4.4459 -23.464 7.8637 6.1619 70.516 -15.524 -13.658 9.7314 2.4621 3.3764 -15.848 3.2216 -4.7859
61.506 -11.974 -6.8799 16.328 3.002 1.9287 -23.487 3.9474 -1.5791 59.816 -11.307 -6.7152 15.926 3.282 2.0569 -23.252 4.9217 -1.4668 70.037 -10.427 -6.1515 8.31 3.5598 1.7497 10.988 4.3099 2.1443 58.382 -11.19 -5.6582 15.499 3.9206 3.0667 -21.506 5.1422 4.1278 60.09 -13.608 -7.1512 9.1314 3.0846 1.7123 -13.851 -3.175 -2.2958
55.215 -10.453 -3.5382 16.647 3.3682 2.5229 -21.18 4.0654 -2.8552 68.965 -8.2048 -3.662 20.509 4.3235 3.2684 -26.517 5.1496 1.9949 72.82 -2.8134 -0.33317 13.176 9.2253 6.0901 -9.0592 10.647 6.5544 68.151 -7.3791 -2.9572 20.219 5.3249 3.5222 -22.951 6.3263 3.5995 60.553 -6.8804 -0.85119 14.58 8.568 5.0538 -14.699 -5.3427 5.614
49.788 -7.974 -5.8494 16.559 3.7031 3.5883 -18.656 4.1746 -4.1805 57.699 -4.9984 -1.9037 17.909 10.779 5.9666 -21.112 12.26 5.6977 66.596 4.0251 4.9253 13.6 14.285 10.915 9.7379 11.574 10.379 54.904 -7.8416 -2.7001 14.662 6.1531 3.6051 -19.06 9.1017 5.1148 55.803 -6.2208 -1.9415 11.542 10.201 5.5557 -13.615 12.024 6.6579
51.288 -13.906 -2.6067 14.145 6.7875 5.0442 -19.229 -4.0283 4.1355 54.9 -12.572 -3.888 16.18 8.2466 5.2842 -20.207 7.9143 5.7828 66.295 -4.3737 3.3681 11.523 12.695 10.086 8.789 8.5762 9.3522 51.368 -17.495 -0.14077 13.675 9.8871 6.1586 -17.821 7.6203 -2.6832 55.923 -19.323 0.45184 8.5153 8.2038 7.564 -12.389 -10.095 9.1813
56.912 -9.4273 -7.4099 16.904 10.896 5.801 -21.947 15.038 7.4172 52.649 -12.88 -7.3783 15.334 5.3284 3.2422 -19.648 6.8165 3.3827 69.3 7.026 5.1364 13.003 16.825 12.282 -8.368 10.091 7.507 47.739 -11.543 -6.6839 12.284 6.8145 3.9591 -15.782 8.9528 5.2527 49.786 -12.309 -3.841 9.8885 11.9 6.5226 -9.0878 9.4585 7.9916
53.072 -7.0449 -4.3609 16.288 7.3333 4.3707 -20.148 11.18 5.4684 54.438 -6.6177 -4.3846 16.64 7.0944 3.8197 -20.997 11.33 5.3574 60.109 7.2023 6.9953 12.892 15.088 12.515 10.75 12.385 12.102 56.635 -9.1061 -3.7188 14.609 2.7651 1.8431 -19.512 3.4592 2.2522 53.616 -7.56 -4.7218 13.129 6.0352 3.1292 -13.349 8.6451 3.623
54.628 -11.241 0.27751 16.383 6.0995 5.5495 -21.285 -6.035 6.3719 58.593 -7.5076 -1.6376 18.248 5.0226 4.6509 -21.513 6.9918 5.1719 66.12 -10.022 5.008 7.1626 8.9022 6.1635 5.5884 8.6046 6.7197 53.539 -9.6673 1.3779 15.12 7.5118 4.4065 -18.372 8.3676 3.6725 60.29 -9.3118 -3.7873 15.837 3.6804 4.7091 -11.68 -4.8876 -4.9628
56.306 -8.1795 -3.6227 17.652 3.2551 2.6315 -21.781 3.7278 -3.391 56.428 -8.2007 -3.356 19.073 3.5526 2.2862 -19.657 4.1971 -2.0174 74.612 -4.8943 -3.1045 15.108 3.8996 2.2128 8.0772 2.1085 1.8647 69.913 -4.1165 -2.6632 17.691 4.0393 2.045 -24.366 3.5303 -2.3403 67.033 -7.437 -4.0745 14.123 4.0641 2.9783 -17.066 -5.7823 -2.8107
68.898 -11.166 -7.6067 18.693 3.5185 2.0729 -26.648 4.3853 -2.4902 67.244 -11.373 -6.6389 19.408 3.7824 2.708 -26.381 4.9629 3.3171 73.975 -10.474 -5.957 7.4623 3.0063 2.3854 4.3538 3.529 2.7341 69.967 -11.159 -6.9853 15.433 2.4417 2.0452 -23.753 3.9496 2.5473 70.927 -13.467 -7.6759 10.191 2.711 2.1205 -16.553 -3.6949 -3.3814
60.432 -9.8194 -0.86391 19.541 5.6586 3.8134 -22.392 -5.1854 2.4935 68.817 -4.6831 -2.141 22.343 3.4971 2.5495 -26.641 -0.65542 -2.2389 67.636 -5.0943 -1.644 10.71 3.8738 3.4197 4.1766 4.1149 4.446 63.291 -5.531 -2.15 19.221 2.9671 2.0874 -21.802 2.7921 2.3853 65.37 -7.1048 -1.8457 14.643 3.9832 2.2009 -19.382 -6.4171 3.2777
45.74 -10.495 -6.0988 13.527 3.8299 3.0163 -17.548 5.0095 -2.738 54.982 -11.523 -7.3328 18.844 6.193 3.4963 -18.752 -1.6494 -2.3299 72.711 -7.5702 -5.0895 16.099 4.2489 3.5715 -9.4681 3.0399 3.611 58.57 -13.653 -7.1891 21.098 8.2249 5.3823 -14.884 6.4708 6.4002 70.558 -7.1961 -0.21429 20.031 9.5514 6.9761 -16.868 -8.8729 7.3372
66.485 -11.687 -11.534 17.487 3.756 3.9758 -25.15 5.9199 -3.5116 61.33 -11.59 1.5328 17.599 5.6225 6.1042 -24.117 4.9105 -4.6429 67.674 -10.424 1.664 8.1972 5.4067 4.7134 10.099 3.7962 1.8415 62.148 -11.365 0.1919 14.733 6.0222 7.1852 -20.725 4.4894 -3.903 64.084 -8.6897 3.3974 12.778 7.9389 5.5607 -17.507 -10.42 6.3794
60.59 -21.015 -17.398 15.43 6.5793 3.2959 -22.802 10.053 5.3936 64.021 -21.974 -17.43 8.1044 3.3854 3.4138 -12.767 5.366 -2.4137 69.545 -19.409 -15.309 8.2881 5.8095 4.8851 10.163 6.9011 5.7907 61.763 -20.624 -17.504 15.706 6.4173 3.1113 -22.317 9.6474 3.6464 60.265 -16.346 -12.957 17.424 7.7111 6.1476 -22.459 8.7654 7.7233
66.242 -10.938 -9.0655 20.732 4.0998 4.4635 -23.375 5.768 -5.7214 63.362 -9.6981 -6.8561 20.078 4.7458 3.9896 -24.56 4.3779 3.2965 70.448 -9.3878 -6.3907 8.6594 4.3501 3.6263 -2.6043 3.2807 2.0217 68.675 -8.9401 -6.8255 17.479 4.6434 4.2834 -23.209 5.0028 2.1317 63.03 -6.2629 -4.1898 17.29 4.0327 4.1803 -16.405 -3.3023 -6.3362
68.846 -7.5958 2.4714 20.939 3.8653 2.7204 -27.145 -4.5553 3.1864 69.546 -6.7652 1.7529 21.026 3.2752 1.8652 -26.84 2.9412 -2.3539 74.288 -6.6117 2.1801 12.758 2.0281 2.2965 -10.169 2.0327 2.452 69.566 -5.9177 2.7105 19.785 2.7926 2.0552 -24.891 3.9395 1.0799 71.985 -6.641 3.9832 16.406 5.6702 3.7095 -20.903 -9.3789 5.4266
51.917 -14.541 -1.2218 17.049 8.9495 6.6565 -15.33 6.4262 -6.506 50.66 -10.152 -1.8996 13.592 6.7274 4.8718 -9.6573 -8.5198 5.4654 62.45 -8.2311 -0.79281 16.953 5.7573 4.0765 16.1 -5.2236 2.4195 47.887 -13.998 2.582 14.726 7.6831 5.2726 -17.394 -2.2836 -5.0608 46.77 -5.5354 -1.3237 14.265 4.4612 3.798 -14.222 -4.8887 -2.4299
51.263 -19.019 4.2602 15.468 7.9448 5.5035 -17.751 8.7537 -6.0588 53.041 -11.133 1.7451 14.547 8.7337 4.9178 -10.53 -9.4439 5.8446 64.142 -10.845 2.0216 14.885 7.1352 5.5113 14.649 -4.9723 -2.3542 50.694 -15.81 4.2978 16.034 8.6224 4.9575 -18.51 2.3147 -4.1218 51.325 -4.4866 -2.4525 16.65 3.7868 4.6678 -15.073 -3.8568 -3.2996
63.488 -13.047 10.127 17.739 4.8205 3.8698 -24.572 -5.9497 -2.9927 59.827 -12.379 9.2133 17.638 6.6967 5.8118 -22.525 5.954 -5.6592 72.295 -6.4112 9.6753 11.547 7.2083 6.6621 3.5929 4.3276 1.6167 60.205 -9.5014 7.5948 16.39 4.1957 5.4521 -21.525 5.2287 -4.9669 59.008 -10.844 8.2647 13.117 8.8306 7.3422 -13.263 -10.613 7.0049
49.404 -10.683 -3.3698 14.94 3.9341 2.7041 -19.641 5.0254 1.804 52.898 -9.9857 -3.5889 17.026 4.8595 3.987 -18.855 5.0584 -2.5041 62.865 -7.5354 -1.0128 12.78 4.249 3.918 11.981 2.7502 0.79057 56.605 -7.4469 -1.9283 19.806 4.7827 4.0195 -14.074 3.5383 -2.1819 62.838 -11.632 4.8374 13.486 9.6081 8.2943 -13.472 -14.195 10.493
64.319 -18.065 -13.509 16.84 10.818 12.003 -24.035 10.443 12.487 64.368 -23.97 -20.264 16.114 7.8576 5.3519 -23.796 11.002 8.1406 69.994 -15.649 -10.325 4.1978 12.379 13.843 4.5166 10.071 11.237 64.306 -19.914 -14.854 16.707 10.178 10.333 -23.513 10.849 11.194 68.082 -25.91 -22.225 7.2318 2.9638 2.8621 -12.086 4.7805 -3.5349
63 -6.4498 3.0192 18.352 4.3071 2.616 -25.152 -4.4841 2.3589 61.469 -9.2276 5.0325 19.257 6.4652 5.9136 -22.567 4.3171 -3.7426 69.952 -8.7287 4.9737 11.654 6.4365 6.2351 -7.5525 5.838 -3.5647 62.08 -10.926 5.9361 17.104 5.6666 4.7449 -22.059 2.0452 4.0019 62.692 -14.053 7.8423 13.544 8.3966 5.8336 -14.466 -11.535 7.3871
58.861 -7.2246 -1.0581 17.306 2.5244 2.4324 -23.829 2.151 -2.4917 62.819 -13.343 7.4006 17.311 6.9376 7.0904 -24.157 -3.3181 -1.4256 66.3 -9.4725 1.7434 7.62 4.4488 5.0321 8.3711 -4.235 5.2937 59.747 -8.1686 1.4855 18.551 5.5429 5.0188 -18.858 -3.6741 4.4624 71.263 -16.602 14.384 15.249 10.637 8.4849 -15.685 -13.376 8.002
77.031 -3.6598 -15.895 21.493 4.0602 6.6198 -29.165 5.5145 -7.1364 57.188 -9.1549 -3.2031 17.188 3.9601 5.8828 -21.494 4.5839 -6.4791 68.452 -5.6582 -3.3331 11.924 5.9358 5.4992 7.8014 3.8427 3.9215 57.483 -11.312 0.096935 15.472 4.4716 6.8166 -19.016 5.6798 -7.3045 61.654 -8.2084 -4.7197 14.151 5.5954 6.2784 -16.54 -3.6881 -3.6032
63.487 -13.278 -1.1053 19.195 8.2051 8.1384 -23.916 -7.8688 7.1217 61.02 -8.2839 0.5497 18.538 5.6628 5.0539 -22.694 3.3378 3.5781 65 -7.5056 -3.1037 13.371 3.3811 3.0264 10.019 -2.3852 1.8571 56.708 -7.566 -2.6197 16.009 4.4818 2.8425 -18.725 5.1581 2.7715 61.228 -3.5799 2.3132 12.998 6.1195 3.3837 -17.918 -4.4693 3.998
65.139 -17.545 -15.232 16.465 5.1304 2.3221 -24.017 8.288 -1.9169 64.497 -17.22 -14.199 17.08 5.0474 2.8765 -24.698 7.4826 4.1218 70.318 -15.681 -12.33 5.768 4.8254 4.8748 -4.9006 5.5082 5.8359 66.74 -16.763 -13.38 15.469 4.5991 3.2209 -23.096 7.7706 5.5472 65.84 -18.399 -14.042 10.434 2.624 1.9663 -15.738 3.9208 2.4146
68.716 -6.5292 -13.076 18.351 3.1522 3.5589 -26.354 4.5883 -4.572 66.438 -7.4349 -11.77 17.831 2.824 2.555 -25.989 4.2197 3.0732 71.064 -3.751 -8.9727 11.636 3.3466 4.5828 -10.896 2.9806 4.0938 63.675 -7.646 -10.124 17.374 2.5269 4.1087 -23.451 3.2051 5.2679 63.748 -7.2788 -11.019 13.99 2.6069 4.4593 -16.711 3.8801 -6.5981
55.031 -8.7567 -2.7863 18.45 4.087 3.626 -20.366 4.0706 3.2541 66.059 -7.6596 3.6847 20.423 6.505 5.5133 -24.408 -2.3973 -1.9462 69.999 -7.806 2.0927 11.419 6.7519 5.7688 7.8773 -7.1484 6.9941 61.976 -6.0838 1.4151 18.89 6.5421 4.4453 -21.283 -7.1555 4.6771 66.217 -1.2202 3.6615 14.736 6.6143 4.8165 -18.163 -9.3425 2.1708
85.195 -0.50386 -1.2837 27.361 1.5851 3.2418 -35.95 1.3755 -4.3841 62.144 -3.7456 1.166 18.627 2.8881 2.2335 -23.691 -2.1683 -3.3619 66.351 -3.2016 1.7596 5.9162 1.4257 1.1654 4.5968 1.4288 1.3922 61.418 -4.4676 0.5777 15.154 1.7331 1.8351 -21.083 2.3648 -2.6582 67.965 -4.6814 1.7631 14.663 5.7381 3.1276 -19.651 -9.3607 5.1755
72.651 -5.3472 -4.3078 20.093 4.2195 4.8606 -28.57 4.6277 1.0109 70.433 -9.5613 -4.8315 14.016 4.3737 3.2825 -17.628 -5.7522 -4.0938 63.894 -9.703 0.55151 12.637 6.6304 3.3468 10.198 2.0517 2.7991 58.685 -12.279 -2.4112 17.975 5.8909 4.9416 -21.764 -2.4742 -3.4532 62.396 -9.6794 -3.3104 17.29 4.1998 2.259 -22.722 4.3955 2.0689
68.255 -9.391 -4.7514 19.083 3.6237 2.7079 -26.562 2.9507 -3.5743 70.791 -7.9604 -5.5902 18.939 2.5812 2.434 -27.655 3.5637 -2.5152 72.335 -5.5504 -2.3455 12.759 3.6556 3.7546 -9.8275 2.4776 3.6359 66.208 -7.799 -4.0972 18.33 3.0411 2.6387 -24.163 3.7199 3.1616 70.886 -10.274 -4.981 12.69 3.8862 2.8289 -17.955 -5.304 -3.8614
81.482 -10.459 -11.521 21.824 3.6982 4.1118 -30.673 5.7262 -5.3515 66.307 -19.646 4.8907 19.85 10.315 12.714 -23.901 5.6039 3.1913 70.173 -16.467 2.7319 13.065 7.7105 9.831 7.9685 -7.0151 7.0578 65.643 -11.885 -4.091 19.528 5.5342 6.0565 -22.888 5.2362 5.4711 60.527 -24.302 8.5896 11.207 8.8451 9.5155 -13.441 -8.8209 6.8634
76.391 -4.533 -5.6273 22.364 3.4702 4.4435 -30.122 3.4738 -6.2588 65.462 -5.9725 -1.034 23.312 5.7953 5.6525 -23.144 -4.5805 5.3933 72.909 -9.8685 4.8811 15.541 10.371 8.6375 11.9 -9.2616 8.5383 67.286 -13.02 7.0046 21.76 10.943 10.603 -22.485 -6.4918 7.4177 62.205 -16.576 6.7866 13.894 10.437 11.232 -13.824 -11.885 6.0365
74.356 -8.1171 -6.9013 20.244 3.0896 3.3967 -28.791 3.9074 -3.8702 63.569 -7.1954 -3.9155 20.043 4.6723 4.2893 -23.904 3.4648 -3.663 70.855 -8.8781 1.5457 13.118 7.0635 4.3419 8.2876 -5.6621 -3.4353 66.063 -15.158 0.47241 15.464 5.2725 4.672 -22.173 5.5937 1.133 61.848 -17.503 1.1769 10.56 6.7533 5.8259 -14.311 -8.6055 6.5369
77.26 -8.1146 -5.1557 21.242 3.076 2.7208 -30.28 1.7935 -3.8179 71.038 -9.4507 -4.0621 19.846 3.8505 3.0101 -27.5 3.4118 -2.2639 71.613 -6.1673 0.0699 14.27 4.1204 3.5172 3.2234 -1.4129 2.5787 65.93 -7.385 -1.9116 22.172 3.8429 3.8555 -23.026 -2.8271 3.7774 58.562 -13.69 0.34502 13.428 7.3004 5.0604 -13.137 -9.8158 7.4028
77.845 -7.6315 -5.3251 21.049 3.3426 2.5559 -30.838 5.3124 -2.9529 63.209 -9.5616 -4.488 17.263 3.5044 2.6926 -12.402 -4.728 -2.7405 66.927 -7.9992 -3.0226 15.211 2.772 3.3307 5.0133 1.78 3.1239 66.293 -8.8031 -5.667 22.994 3.3075 3.0297 -25.695 3.3353 -4.0569 50.709 -8.8258 -3.6446 13.324 3.6934 2.3096 -17.962 4.3936 2.3073
68.191 -10.073 -4.3368 22.054 3.6679 3.3914 -24.976 5.3531 0.72834 69.581 -8.8767 0.95832 16.825 6.2448 4.9216 -18.161 -9.2869 5.3005 66.942 -6.837 0.052979 12.715 2.1649 2.5392 7.38 -1.59 1.7046 64.04 -7.5096 -0.80132 20.972 4.0504 3.6248 -24.584 4.2497 -3.3402 72.292 -6.2308 -0.16331 19.167 3.0767 2.8535 -24.506 4.5976 -2.7106
65.869 -12.533 -4.0251 21.051 3.9333 3.9808 -23.63 3.873 2.2547 62.653 -8.9723 -0.073021 20.651 4.4799 4.0793 -22.682 3.4485 -2.8727 67.226 -9.202 -1.0196 12.627 2.5427 2.5029 7.6746 -1.8324 0.73442 66.2 -8.3813 -0.11195 20.021 3.8278 3.4788 -22.532 4.033 -2.8149 70.489 -9.3386 1.5165 16.154 6.5678 4.4675 -18.492 -10.515 6.4184
74.123 -8.3055 -5.3814 20.245 4.6585 4.2131 -28.624 3.8268 2.5563 68.318 -11 -5.5853 18.366 3.8157 2.6351 -26.369 5.235 2.2594 70.172 -8.4865 0.084338 13.957 6.3323 4.3081 5.9448 -4.6094 -1.3611 59.96 -12.254 0.42919 15.428 7.1221 3.7588 -19.417 5.6353 -3.2472 64.339 -15.008 -2.0786 11.028 5.077 4.2969 -14.618 -6.9744 4.566
71.648 -27.921 -16.584 18.621 13.156 7.8056 -24.923 14.888 9.2894 66.798 -4.2283 0.35035 24.483 6.256 4.6562 -23.998 -8.5058 -5.9201 70.666 -10.186 -4.0289 13.594 14.654 9.6838 -8.9008 -13.287 -7.713 56.414 -14.743 -9.3061 20.975 11.74 7.8213 -12.298 -8.2644 5.7344 67.364 -15.194 -9.9634 17.482 7.1206 6.246 -17.242 7.3683 7.4593
68.003 -6.5464 -0.60913 20.836 7.1326 6.1867 -26.005 -6.5651 4.999 61.633 -2.8064 -0.15171 21.3 5.0737 5.3616 -21.732 4.9813 -3.6932 66.693 -2.7417 1.1508 15.16 3.6258 4.6125 10.816 2.0145 -2.4865 62.011 -3.1813 0.83614 20.074 5.5839 6.189 -19.552 2.3889 -3.407 64.463 -2.5314 1.194 19.397 6.3106 6.8177 -13.994 6.0934 -2.5447
64.263 -28.462 -18.508 16.173 6.2988 2.8521 -23.406 9.3707 4.628 70.367 -15.907 -10.87 20.072 15.358 9.1726 -26.144 7.8487 5.9793 65.497 -14.203 -9.7074 11.338 12.814 7.9609 -5.8884 -8.6801 -4.2653 66.129 -18.873 -12.227 18.668 12.8 8.7026 -23.045 11.195 7.8195 77.928 -0.083866 0.22925 18.157 4.1751 2.9213 -24.605 -3.455 3.3235
61.037 -28.444 -18.135 15.275 7.6216 2.6158 -22.216 11.2 4.3403 66.221 -6.3264 -4.665 20.878 11.598 7.7881 -24.519 -11.77 -7.4092 66.132 -10.522 -7.2824 12.839 11.597 7.351 4.9109 -10.786 -6.229 62.317 -20.017 -12.784 17.09 11.889 8.1109 -22.265 11.449 7.9931 73.93 0.94266 1.6419 18.198 5.6536 3.7167 -22.449 7.5949 5.0164
57.373 -5.1407 -0.5067 18.402 3.6021 3.8017 -22.678 2.0366 -4.143 59.9 -10.932 2.9285 17.844 9.2803 8.604 -12.733 -10.605 8.4848 72.234 -8.6258 5.2076 12.181 6.9936 7.9752 3.0116 -5.7416 5.558 65.274 -12.26 8.9139 21.436 8.2337 9.8846 -24.825 -7.7179 -8.3262 63.759 -15.507 10.607 17.613 5.8572 9.0665 -21.008 5.5104 -10.154
46.96 -6.6418 -4.8952 15.979 3.8903 5.7206 -17.178 2.8372 -2.5912 59.395 -11.328 5.7444 19.889 7.2633 9.1235 -21.692 3.787 -5.8511 61.647 -5.7063 -0.65229 16.625 4.7033 7.9126 8.376 -3.8443 6.1154 63.677 -7.135 9.7192 23.126 5.7533 10.837 -19.073 0.72285 -8.1562 63.465 -13.483 9.6609 14.69 9.005 9.6722 -16.182 -11.736 -4.892
67.57 -10.32 -7.9257 18.242 3.2519 2.371 -26.175 4.7394 -3.2599 65.887 -9.8049 -8.009 17.559 3.0479 2.4171 -25.607 5.0192 2.5921 67.79 -8.0981 -7.1277 13.773 2.3926 2.4992 -11.91 2.5194 2.3596 66.747 -10.431 -7.8853 15.667 3.113 1.9831 -23.432 5.3321 3.028 60.741 -9.6308 -8.1102 15.477 3.136 2.4314 -17.06 -1.6103 -3.3758
70.463 -9.2837 -7.1753 18.842 2.8898 2.6451 -27.218 3.5804 -3.6935 67.06 -9.5484 -6.8249 17.866 2.6216 2.2607 -26.159 4.1577 1.8452 70.834 -7.6677 -4.7037 13.18 2.7733 2.8073 -10.037 2.7256 1.973 66.179 -9.3394 -5.8241 17.991 3.0485 2.7394 -24.761 4.2148 3.6234 54.761 -9.0035 -6.0499 16.508 3.2903 2.2128 -11.969 -3.8068 -1.9765
51.947 -8.244 -4.0047 16.761 3.7203 2.7349 -19.677 4.3943 -2.9384 50.818 -6.7199 -2.7159 17.576 3.7766 2.1109 -18.441 4.2913 -2.3524 63.706 -5.9935 -2.1787 12.958 3.0208 1.8124 13.192 2.5142 1.4772 49.229 -7.4582 -3.6857 13.091 3.5031 2.3918 -16.804 4.5969 2.7515 52.326 -7.238 -2.8239 12.582 3.2742 1.8702 -13.979 -4.3616 -1.8611
46.243 -6.5939 -5.9646 14.188 3.3482 3.0402 -18.035 3.9976 -3.5326 47.822 -6.9492 -6.3607 13.97 3.1661 2.8482 -18.255 4.2297 -2.6834 64.629 -5.8477 -3.4505 15.079 2.9067 2.3611 16.401 2.4061 1.8034 48.31 -6.6273 -5.4195 12.947 3.0754 3.0255 -16.945 3.6371 3.1447 55.26 -6.8307 -4.7996 11.877 3.0349 2.4474 -15.325 -4.0888 -2.7047
62.472 -6 -0.0098817 18.282 2.6404 5.1895 -24.54 3.0803 -6.4489 65.507 -1.8666 4.102 21.215 4.3027 3.2487 -25.012 3.9746 -4.118 72.683 -0.37833 6.406 12.215 4.1029 3.3694 10.475 2.2203 2.7003 65.984 -2.9304 5.1887 18.724 4.3708 2.9092 -21.385 3.5284 -2.6094 72.673 2.2864 9.5763 17.379 7.568 6.5272 -18.171 10.967 8.7759
62.329 -6.9476 -0.13814 17.605 3.0436 4.0331 -24.386 2.7345 -5.2843 67.938 -3.5339 3.0785 21.522 4.1301 2.9603 -25.208 4.5355 -2.6135 69.388 -2.2523 4.3594 11.953 2.9692 2.8386 10.435 1.4917 2.3982 71.05 -2.3633 4.1478 21.841 3.7656 3.7197 -24.017 3.1133 3.6537 78.317 1.2029 7.4699 20.364 5.8691 5.8758 -22.426 8.9466 7.7268
72.859 -4.4787 -0.35778 22.261 4.0326 4.288 -28.825 -2.9356 -4.4797 76.66 -3.2961 0.43306 24.012 3.4211 2.6261 -29.596 3.2003 -1.9235 77.263 -2.7969 1.6187 13.689 2.6223 2.8443 -6.2578 1.6381 3.2016 69.445 -4.961 0.099144 21.147 3.1457 2.5405 -24.634 3.0913 1.9932 82.872 -0.60086 4.095 20.226 5.2879 4.1962 -25.396 -5.5035 4.309
37.82 -4.7212 -5.6081 10.915 2.7154 2.6024 -15.758 2.7058 -2.8436 46.242 -1.7031 0.10332 16.599 5.4521 8.0995 -14.239 5.452 7.4542 54.502 -2.6677 -0.013019 13.677 7.6653 10.297 13.329 6.6152 9.5138 41.543 -7.5827 -6.6463 10.541 4.219 3.5528 -13.197 -3.096 2.8294 58.792 -4.8342 -1.3226 13.938 7.9636 7.3225 -13.823 8.8475 8.3385
57.229 -12.211 -5.8058 20.142 5.5457 4.0507 -21.116 6.3479 2.4799 65.071 -12.449 -3.9928 14.396 4.5365 3.4096 -15.607 -5.4594 -3.3961 66.311 -9.007 -2.1506 16.849 3.4387 2.8559 14.3 2.6141 -0.91898 61.652 -10.56 -4.11 23.313 5.4302 4.4713 -20.41 6.0883 -0.90632 55.111 -9.1365 -2.1266 16.331 4.3296 3.1527 -16.96 5.1121 -1.2242
