63.087 1.1837 6.8772 17.983 3.9819 4.9576 -24.147 3.8612 -5.4585 75.332 4.3381 3.3024 17.63 6.7953 6.1457 -21.93 6.9342 -5.0021 76.017 7.7384 10.332 8.7243 3.4324 5.4556 6.0956 -2.2137 -1.5361 73.569 5.2859 2.3643 21.913 6.4091 7.095 -28.902 5.3462 -5.9534 81.628 6.1349 1.8482 21.317 4.163 5.3854 -29.204 -3.3925 5.5577
67.53 1.9392 6.5352 19.315 4.3341 2.3779 -27.541 4.9418 -2.8819 68.005 -0.0052532 5.6018 19.369 6.2721 4.6477 -26.632 3.4832 -5.502 74.192 4.1836 7.3911 7.9206 5.0572 3.6006 -6.2727 -4.4404 -3.7507 65.852 -1.4055 4.788 17.903 5.0617 3.4181 -23.855 4.4711 -3.5343 69.19 -4.3064 7.8293 12.892 6.1241 3.2355 -19.752 -9.4016 4.6906
64.761 -12.611 -11.335 17.655 7.3717 8.449 -24.45 7.743 7.0731 72.325 -5.5488 -5.8052 16.098 9.2643 10.532 -17.565 3.5147 -9.7821 78.614 -7.0187 -7.9967 8.7639 12.532 14.747 6.1462 7.7108 10.99 66.764 -3.5721 -2.1627 22.142 8.0127 9.5151 -25.411 4.5014 -7.968 73.107 -3.4865 -7.6716 19.653 5.6565 5.4762 -25.591 5.2303 5.6659
61.327 0.047456 -0.056812 19.612 5.0087 3.7671 -24.304 2.4656 2.6705 64.762 6.552 8.1071 13.28 8.2043 7.4703 -17.723 7.3792 4.5768 67.645 7.9159 7.4293 11.304 10.139 5.3614 7.7795 3.7982 -4.0032 59.697 7.3072 7.0296 19.815 8.0004 6.0801 -22.872 6.4142 4.1295 56.096 4.9622 8.2338 13.513 5.5984 4.2606 -19.503 1.646 -3.3039
55.313 -4.9072 -5.8483 14.685 4.8036 5.6949 -21.142 4.9139 -2.8063 61.3 -1.1474 0.12548 12.898 6.0591 6.704 -16.584 6.3508 -4.4799 64.839 2.1004 3.2105 9.7559 3.7085 5.9398 8.3841 -3.7447 -3.8825 62.074 -0.085646 -4.0106 20.057 6.3997 5.2453 -23.774 4.6764 -4.667 64.188 2.4542 1.0453 18.904 3.6238 3.7822 -22.614 -3.8202 2.4792
61.188 -4.0051 4.2845 18.084 4.1826 2.8502 -24.267 -2.4835 -0.84444 59.268 -0.82681 4.7742 17.79 5.8059 4.0336 -22.516 4.2607 -1.9257 67.04 2.94 6.6018 10.718 6.1625 4.8788 -6.4442 -3.4927 -4.2159 59.481 0.41108 5.5194 16.542 4.8829 4.2606 -20.935 2.8368 -2.4725 68.297 6.2535 10.075 12.157 6.7775 4.3467 -18.352 10.324 6.7966
76.138 -7.5789 -15.145 19.979 4.5871 5.3072 -28.309 6.0716 -3.6366 76.064 -9.0854 -14.737 20.472 3.6839 5.4367 -29.053 4.9989 7.1527 72.241 -2.755 -5.146 14.951 4.3719 8.8361 -5.7602 2.9135 2.1615 66.271 -6.6789 -7.5097 18.718 5.6738 7.4089 -24.19 5.5042 7.1334 66.304 -6.6934 -3.8892 15.886 5.5074 8.7305 -19.162 -6.9196 -4.6955
83.808 -7.5453 -12.893 22.33 3.6892 4.4357 -32.181 5.7661 -4.5353 81.672 -3.0111 -9.4657 16.155 5.1005 6.9083 -21.498 5.4378 -9.2573 76.055 -2.2986 -3.1095 18.156 3.3415 5.1203 -9.2334 2.2983 3.4953 80.327 -3.7345 -8.8856 23.779 5.5813 5.3617 -31.715 6.3019 -5.1141 70.832 -0.48211 -5.9235 19.946 3.4379 3.6636 -26.363 -1.6766 4.0049
63.401 4.3087 13.336 19.091 7.5363 6.2461 -23.75 3.0422 -6.6462 62.094 5.0341 12.512 14.991 9.8794 8.0436 -16.166 9.9565 6.9838 67.759 8.399 12.943 11.951 7.1043 6.2575 7.9018 -1.8684 -1.6239 64.562 10.421 17.043 18.722 7.4947 6.0957 -24.358 5.4066 -5.2814 60.939 9.3513 14.593 18.828 8.2942 9.1608 -20.739 -6.742 -7.327
66.925 2.63 9.2046 18.708 4.4272 3.7381 -26.379 -3.4837 -5.1945 71.49 -1.9244 4.0707 12.472 9.7208 9.3797 -19.343 6.1994 -6.8509 72.799 0.83885 7.039 5.0874 4.6139 6.0103 3.5474 -4.2238 -7.2048 68.157 -0.52172 3.7416 19.578 8.8056 9.4809 -27.019 4.8726 -7.5701 67.166 -11.671 -5.8102 18.226 7.3963 6.8731 -24.356 7.289 6.5421
67.769 4.8156 3.6265 19.16 6.128 8.6896 -25.719 4.2213 -4.234 69.128 11.874 13.954 12.013 7.6786 9.0166 -17.797 9.8864 -6.6069 74.951 12.775 16.685 8.0212 4.706 4.7736 6.2204 -3.8102 -3.7455 65.505 10.285 14.363 18.69 6.4796 7.6362 -25.089 3.9813 -8.7001 65.376 14.747 18.263 17.287 5.4967 6.947 -22.927 -6.6652 -9.0195
58.023 -11.27 0.56296 18.296 7.9129 9.104 -19.817 8.541 -6.0674 63.849 -8.2425 1.4602 16.469 8.271 10.63 -9.5414 5.8476 -6.8019 76.215 0.6432 4.4117 13.463 10.935 10.557 -6.1563 -6.3341 -7.1871 62.977 -3.5126 5.1671 21.321 10.055 11.034 -22.63 8.6739 -9.7432 65.679 5.9558 14.746 18.966 6.3971 6.4237 -23.004 -4.3122 -6.7332
62.632 -3.1671 -0.062918 19.748 4.506 4.2157 -22.766 3.8968 -3.3997 77.199 1.8835 0.046647 19.111 5.788 5.7644 -22.24 6.1326 -6.4433 70.837 3.4901 5.225 11.052 4.9902 4.7359 9.4473 3.6089 2.5889 66.91 -1.6713 -2.852 24.126 5.1751 6.28 -24.541 5.4053 -5.4783 82.484 1.9875 -2.1088 23.732 3.0476 4.6253 -30.133 -3.3496 2.7994
64.743 -3.6535 5.5664 17.89 3.6353 2.7661 -25.696 3.2687 -3.8596 70.688 1.0133 7.9503 12.387 8.382 6.3505 -19.748 9.454 5.2547 73.866 1.272 6.1936 7.0046 5.7588 5.1059 -4.964 -4.7481 -5.7261 66.024 -1.1771 4.6979 19.054 6.5982 5.6954 -26.539 4.4988 -6.8459 65.691 2.0418 7.6397 17.631 3.9954 4.2822 -23.754 1.2048 -5.7134
50.258 -4.56 0.30778 17.851 3.9318 3.7194 -17.922 4.057 2.601 53.837 -4.3937 1.114 16.054 5.7085 5.5547 -20.682 -1.7025 -4.2858 64.114 0.098556 4.7146 10.268 6.1787 5.3056 5.9159 4.8094 4.1478 59.92 -6.8232 -2.2306 15.976 4.1478 3.1083 -21.652 3.3831 -2.2872 59.666 -7.8691 -2.9961 12.516 5.4973 3.7545 -16.444 -4.4507 2.9489
63.807 3.2167 1.578 19.179 4.7216 3.1041 -25.789 4.8211 -2.4011 69.372 9.2619 6.652 18.944 4.4717 3.1508 -26.831 3.1062 -4.0101 72.44 8.333 5.4447 11.012 4.754 3.7081 -9.8657 -4.4237 -3.2948 66.616 6.1214 5.4121 18.387 4.3478 2.9299 -24.298 -4.5894 -3.2053 72.718 10.107 8.695 13.626 6.6713 5.0528 -19.275 10.1 8.0329
64.718 -3.5657 5.7207 18.504 3.547 2.7183 -26.279 -3.796 -3.2973 63.105 -2.2909 3.262 17.629 4.3987 2.981 -24.579 5.1084 -3.6454 72.856 4.3093 6.9753 6.7508 4.0019 2.7163 -6.3993 2.2219 -2.9638 63.239 -1.2759 3.1441 17.236 3.4218 3.6766 -23.075 -1.2273 -4.5748 71.053 2.7576 3.5031 13.193 7.8036 6.9755 -20.448 9.3623 5.5765
64.613 -1.3422 7.7415 18.821 3.563 3.0527 -26.399 2.6047 -4.7061 65.823 2.693 9.2676 18.426 4.4808 3.7053 -26.082 3.4485 -5.2231 72.887 4.1842 9.8111 6.4133 3.6518 2.6946 -4.0702 -1.5821 -2.3641 64.311 2.1927 9.0407 17.819 4.1513 4.3322 -23.627 -2.8209 -4.9579 69.509 2.6487 9.0872 13.471 5.0931 3.9217 -20.837 6.3506 3.4818
64.375 3.7088 9.2165 17.964 5.5508 3.2014 -25.226 7.3646 -3.0453 63.432 -1.0985 3.6343 18.29 8.4177 7.4216 -24.399 -6.555 -7.043 70.027 0.22231 5.4988 7.3989 6.6992 6.5031 6.4512 -6.4355 -7.0895 62.991 -2.2546 4.1486 16.881 4.8153 4.9635 -23.136 -3.3599 -3.9845 66.522 -5.2962 1.6003 12.427 6.9115 5.3625 -19.247 4.0246 4.6157
61.419 -7.4555 7.5928 17.038 5.8246 2.8125 -24.38 -4.3063 -2.9403 61.207 -2.3226 5.2997 17.297 5.8119 4.1776 -23.738 -4.199 -3.8164 72.491 5.0235 6.9882 6.0487 4.0842 4.2362 -3.4725 1.8237 -3.7971 60.633 -2.385 2.0307 16.763 4.4686 4.3462 -22.092 3.9455 -2.4505 63.409 -1.9608 1.4445 13.675 4.4588 3.6198 -19.523 3.1579 3.4722
62.928 -1.0575 4.4137 18.775 4.344 3.8135 -25.273 2.1057 -3.8314 63.858 0.54007 5.5936 17.709 3.6282 3.4171 -25.042 3.3188 -3.9521 71.876 1.367 6.2365 7.1579 4.5172 2.9288 3.6744 3.0484 1.1349 59.352 -3.5069 2.5692 15.763 2.9724 2.5528 -21.5 2.4955 -2.1359 67.146 -2.8191 4.8144 12.951 4.7512 2.7906 -20.358 -6.1411 3.7044
61.876 -1.1617 4.5997 17.77 3.4066 2.2367 -25.257 3.5571 -3.0664 62.084 2.5047 5.9104 19.026 6.1511 4.661 -24.265 4.6466 -4.5091 69.645 3.0925 5.7596 10.198 5.7601 3.85 3.7265 3.7976 -2.6981 62.13 -0.75062 3.7875 15.343 4.3646 3.1375 -21.315 4.9195 -0.73173 72.883 5.8268 7.8825 12.926 7.5858 5.9683 -19.788 9.5597 6.6587
61.816 -4.8546 3.4559 17.054 3.0456 2.317 -24.386 2.4228 -3.3308 64.644 -2.7006 5.3697 13.935 6.8447 4.074 -18.625 3.9304 3.6848 72.005 -0.052381 6.4289 8.2866 3.4498 2.4539 -4.8392 1.0368 -1.5538 64.969 -3.7527 4.3842 19.057 4.2005 3.8236 -26.212 3.7116 -4.3976 60.467 -3.8554 3.099 15.869 2.5929 2.6761 -21.784 1.5431 -3.2009
39.648 -4.5676 -0.35553 13.85 4.8399 4.1117 -6.6121 6.342 5.0658 45.298 -1.4905 0.31304 17.5 6.9769 5.6047 -8.357 8.2044 7.0254 57.528 3.9781 5.6964 18.596 8.3353 7.4659 17.939 4.1493 6.1454 55.148 0.98965 4.2807 20.977 8.7697 5.3246 -12.05 -4.1422 5.0974 60.352 7.7577 9.6489 17.072 10.394 8.1246 -12.711 12.406 10.711
63.581 -2.7175 2.5271 19.849 4.5703 3.6961 -25.383 3.2745 -4.034 65.521 -0.74276 5.5591 18.518 4.0314 3.573 -25.901 2.9557 -2.5167 71.146 3.0902 7.5243 9.7224 3.6989 3.2348 -8.1183 2.0192 -3.012 66.741 0.5639 6.7082 17.619 3.775 3.2543 -24.076 -1.6578 -2.9665 71.697 1.1533 7.9138 14.216 5.6624 2.8908 -21.555 -7.9241 3.031
53.786 1.7396 11.622 16.521 4.799 6.0054 -21.456 -3.7285 -6.6092 59.806 5.6886 15.013 11.34 6.2803 4.4196 -16.34 8.2319 2.5133 64.553 6.6005 15.936 7.589 4.5159 4.4129 6.7292 3.2518 4.6098 56.243 6.4299 14.425 16.212 5.358 4.5692 -21.791 6.1995 -5.5 59.626 6.5628 14.646 15.671 4.6224 6.8834 -20.91 -3.6404 -8.4699
64.256 -4.0011 6.2181 18.974 4.947 3.4652 -25.625 5.7292 -4.1457 68.347 -1.3504 6.9964 19.495 4.822 4.2666 -26.644 3.0038 -4.785 71.979 3.1328 7.8853 13.879 5.837 6.5642 -11.982 -3.3068 -6.4151 67.05 0.68408 8.1537 19.341 5.3298 4.9024 -24.548 3.8816 -5.1637 62.285 -2.1452 3.8941 15.26 6.1167 6.4245 -17.242 -5.8694 -4.4121
51.914 2.4966 6.007 15.78 11.635 4.7556 -19.072 10.274 2.6639 58.97 6.4419 7.4806 21 8.3162 5.7837 -20.54 -7.1453 -3.0584 67.715 12.88 7.6191 10.933 7.2248 3.2264 8.4591 -2.1621 -2.2305 51.591 9.418 5.4655 13.924 11.402 3.8998 -17.334 -2.747 -3.0279 57.478 10.745 7.4356 11.399 8.249 4.605 -15.027 7.934 6.8698
60.801 1.1565 0.1159 21.857 4.9612 5.8921 -22.704 3.4346 -3.9883 48.88 -2.9797 5.1733 17.341 6.7462 5.6763 -16.53 6.1406 -2.509 81.728 5.3554 0.012568 12.007 2.9368 6.6644 -12.012 2.1728 6.8921 53.221 -1.5488 1.7598 16.649 4.8194 4.4253 -14.766 4.8348 2.7877 68.495 9.936 10.559 14.684 6.8616 6.4119 -18.286 8.9249 4.7029
81.926 -4.3649 -2.5612 26.723 4.4051 5.3074 -32.851 -3.1996 -6.4019 84.264 -6.3589 -4.8937 23.901 4.6005 5.0452 -32.739 2.8639 -5.0074 82.565 -2.0534 2.1828 13.357 4.7511 7.2305 -5.7713 -4.1054 -4.7711 56.279 -6.6282 2.7473 18.621 6.3065 5.5842 -16.983 4.9042 -4.1034 86.064 -9.0478 -8.1843 14.932 4.1866 5.9307 -21.637 -3.1556 -6.1573
70.045 2.4963 11.772 20.337 4.482 4.6692 -27.968 5.1239 -5.1416 68.528 2.1132 13.106 19.88 3.6291 5.2184 -26.378 3.4521 -5.9879 67.741 0.67044 10.578 13.986 3.7614 5.5696 -7.5993 1.0274 -2.7695 64.9 0.022965 9.5594 18.713 3.1193 4.8516 -23.202 -0.55973 -5.6151 69.146 0.26539 13.325 14.586 5.0643 4.3292 -19.486 -4.282 2.6809
46.999 -7.1695 -1.2729 14.081 5.2538 3.2157 -18.804 3.6791 -3.8333 68.091 4.8998 6.9614 22.112 7.0629 7.0196 -25.456 -3.6753 -7.0266 68.534 4.4727 7.8271 10.185 4.0739 5.412 8.1608 -4.28 -4.6674 61.786 3.1827 5.7417 20.101 6.4587 6.6522 -20.828 -5.8651 -3.3205 81.683 9.1073 10.304 15.215 6.2246 8.2527 -21.997 9.9963 -7.941
73.404 -6.5444 -0.74518 25.216 4.5122 3.6445 -26.896 2.1983 -3.8551 74.481 -6.8307 0.51111 20.054 5.4015 4.6734 -19.149 -7.6624 -3.2937 84.194 -2.1343 2.6358 14.345 3.5456 4.8173 -9.1399 -3.2054 3.858 80.158 -4.889 -1.6987 25.836 4.3909 4.4587 -31.902 2.8326 -5.0856 84.511 -6.6433 -3.3325 23.445 4.2159 4.5333 -31.585 4.3102 5.0343
51.946 -11.304 8.1851 14.881 5.2518 3.6517 -20.045 3.0792 -4.1223 60.462 -2.4236 10.489 20.133 8.6979 6.2158 -21.931 5.8403 -4.0762 67.454 0.0094614 13.474 12.337 7.847 4.7255 4.3492 -6.8728 2.966 60.402 -1.9492 11.257 18.925 8.3385 6.9784 -20.331 -4.98 -6.6153 74.669 7.0657 17.534 13.152 6.5989 4.9874 -19.391 10.382 5.5081
49.832 -1.5596 4.3827 17.53 3.8101 4.9466 -18.448 3.6238 -3.2788 56.471 1.0928 7.3908 18.55 3.9577 5.0327 -21.874 2.6591 -3.9359 65.538 2.2553 8.9953 8.3274 2.5431 2.9867 4.8411 1.4477 1.4645 57.665 1.0979 8.5792 16.012 2.6087 4.3969 -20.637 -2.3437 -4.9421 66.808 4.4457 12.525 12.754 4.9944 3.335 -18.801 8.0432 3.9937
67.302 -5.6262 -0.31016 21.488 4.0596 4.3142 -25.221 2.825 -4.6886 69.016 -6.7746 -0.20094 21.035 4.1723 4.0852 -25.637 4.4826 -3.893 82.441 -0.67546 6.117 10.722 3.9529 6.0979 -0.92173 -2.7566 -3.0495 69.055 -3.4445 3.6686 22.274 4.7573 5.5866 -23.176 3.3098 2.3168 89.283 -9.8051 -3.5576 15.311 6.5328 6.6975 -21.692 -2.2177 6.6564
72.803 -25.697 -19.487 19.673 16.28 13.37 -27.11 16.817 14.645 76.526 -19.616 -13.351 13.441 16.156 15.451 -17.969 9.9556 11.685 81.449 -20.234 -14.262 10.016 13.763 12.702 -8.6884 9.4922 10.648 82.659 -0.0064395 3.4956 25.523 9.4025 8.8545 -33.383 -11.087 -11.414 78.95 -2.9007 0.49437 22.517 3.7453 3.5809 -28.227 -1.8792 2.432
51.147 -3.6913 -0.60448 19.531 4.6164 7.5472 -16.26 4.5957 -8.1261 59.291 4.2268 9.2945 19.497 6.2256 6.2684 -22.549 -3.132 -6.4453 69.891 7.4866 11.416 10.628 4.8921 3.956 -6.3267 -2.9283 2.9926 54.353 -0.80294 5.1057 16.925 6.2791 6.4069 -17.421 5.5655 -4.2035 64.01 4.0968 9.7174 16.005 7.2562 5.2148 -19.235 -4.1087 1.3279
70.744 -14.177 -8.1097 19.676 12.857 11.928 -24.773 -10.368 -9.9039 80.109 -7.0941 -1.4333 18.917 7.8319 8.4712 -21.262 -10.23 -9.5522 80.862 -0.95961 3.9357 13.633 4.3029 4.8549 -6.4193 2.0652 -1.783 80.86 -4.7046 -2.8714 25.951 4.6185 5.2181 -32.196 3.8742 -5.5776 88.825 -6.2051 -3.4956 22.968 3.4337 3.9137 -32.736 4.6021 4.7492
57.936 -20.677 -14.069 15.814 10.152 10.574 -20.672 10.071 10.042 67.384 -18.884 -12.368 20.166 11.261 9.4852 -24.449 8.0018 6.7344 69.594 -10.224 -1.7045 15.015 9.0589 9.2074 13.719 -9.7363 -9.714 61.416 -12.691 -6.3847 20.171 9.1542 8.2219 -19.115 -6.2358 -6.3877 78.041 -9.6066 -4.868 15.761 4.9532 4.4586 -19.553 -5.4235 -3.1197
77.995 -16.723 -2.9502 21.608 8.4481 4.3194 -28.3 7.2065 3.9124 62.773 -0.81953 9.9268 18.891 6.1887 6.514 -24.035 -4.4481 -5.853 66.232 -0.22929 10.313 9.418 5.1734 5.8176 -4.8057 -4.0434 -3.2722 66.261 -3.6425 7.923 18.117 8.2169 7.0797 -21.949 -7.242 -5.7168 72.705 5.1715 16 12.665 5.4433 3.6502 -19.663 8.7151 4.4723
44.697 -6.2727 -3.197 16.148 5.6255 6.729 -13.343 -4.3019 -3.6393 45.587 -2.3228 -0.63428 14.634 3.6702 5.7118 -16.529 4.1154 1.8423 63.255 1.1614 6.4627 15.885 4.6626 6.9624 11.584 3.0722 -2.0061 47.503 -1.7426 1.3037 15.085 3.4539 4.9873 -12.699 2.1963 3.9184 57.121 2.7814 7.8663 14.744 4.8251 5.1116 -15.413 6.778 5.3087
68.348 3.0128 11.681 19.107 4.1213 4.7277 -26.547 3.6533 -6.1568 66.946 1.998 12.854 14.543 6.9456 5.7194 -17.862 8.9709 4.7457 65.374 0.58843 10.43 11.941 3.7573 4.8613 -5.0188 -1.2709 -2.0918 58.017 -1.5028 8.1908 19.212 4.4903 4.8621 -22.574 5.2305 -4.7917 59.109 -2.1729 9.3004 17.135 3.4583 5.3814 -20.639 2.5104 -5.4701
53.134 1.4432 5.7194 16.56 4.1586 4.2555 -21.149 4.3848 -4.319 52.57 0.020134 8.5776 15.834 4.7685 5.5609 -20.029 4.9595 -2.304 62.76 2.7411 10.342 8.0585 4.0387 3.8324 4.1159 3.9719 3.8594 59.565 2.6037 9.7671 15.665 3.6845 5.3491 -21.122 -3.1197 -5.1615 56.596 1.0721 11.935 11.342 4.3007 3.8219 -16.49 5.0495 -2.3605
63.878 -2.9613 -0.7388 20.416 3.4771 6.0165 -22.42 1.4323 -8.1754 75.108 -5.1975 -3.3354 23.905 4.1394 6.4676 -27.897 4.4486 -6.068 72.496 -1.2159 1.2236 10.789 3.5381 3.6118 7.7351 2.1455 -3.0301 74.263 -3.6094 -2.0441 22.642 3.7723 5.5595 -25.345 3.9146 1.2252 87.275 -4.5208 -10.617 14.52 3.4932 7.2339 -22.13 3.3547 -10.945
50.813 -14.378 -5.5397 14.819 7.4903 5.3473 -18.15 8.9697 -3.6378 62.024 -2.176 6.4805 15.498 12.312 11.119 -14.648 8.5085 -5.735 68.555 2.4769 6.6847 16.522 9.77 9.9155 7.4953 -9.1715 -10.067 58.547 -1.4426 4.5956 19.387 12.324 10.965 -21.72 1.5106 -7.8083 74.311 9.7722 15.866 16.854 3.3182 3.2425 -26.061 -3.5352 -4.8731
43.747 -0.27265 -8.9 13.941 2.2439 4.4879 -15.599 2.1086 3.1541 67.893 1.316 6.005 23.248 6.4027 11.017 -25.554 6.4052 -8.1222 73.719 4.1787 5.9899 14.937 5.3916 8.0894 -8.493 4.2851 -4.2942 64.39 2.1675 3.74 21.538 6.6476 10.212 -22.239 6.3056 3.0797 69.05 -4.5415 -9.403 13.146 2.6749 5.6956 -17.119 2.4159 -6.463
45.041 -8.3668 -0.6224 15.158 4.1851 6.7495 -16.259 4.3207 3.5728 60.138 2.0614 9.0259 25.189 11.912 11.423 -17.536 7.4951 5.9897 65.117 3.3932 10.639 17.687 9.2611 9.1832 11.3 -4.6586 -4.302 57.434 2.4361 7.4316 23.602 10.645 11.699 -7.9361 7.7186 6.4052 82.913 16.59 23.417 12.258 8.0212 6.6379 -18.674 13.027 9.6389
51.596 1.2064 -4.1305 22.047 3.141 9.5403 5.6816 2.9324 7.3379 70.478 3.7789 5.3269 24.666 6.8868 7.2922 -26.114 6.7171 -5.6019 72.204 5.0992 5.3824 19.109 5.8368 5.8419 -3.8666 4.4058 2.9341 62.941 -0.75302 4.6282 22.176 4.6977 7.683 -19.599 4.4061 3.0368 61.186 2.9414 -0.67103 19.639 9.272 6.9333 11.73 8.6644 8.0328
36.578 -4.8955 -6.315 9.8009 2.2763 3.0391 -14.48 2.9536 1.7857 57.744 -4.6035 1.0727 19.125 8.3039 12.384 -11.718 9.1969 10.88 67.59 1.5905 8.0248 16.241 6.6449 9.1722 -6.5877 -4.3938 -4.4786 53.222 -5.9215 0.11751 21.211 7.4413 11.315 -17.183 8.1272 9.8945 56.023 -9.4336 -6.247 14.491 6.1864 4.5067 -19.259 7.9397 5.5271
68.263 -2.841 0.27108 22.381 3.1578 5.2374 -24.416 4.2181 -5.1765 73.939 -4.5936 -3.9773 19.216 3.9891 8.2745 -19.485 4.1333 -9.0232 67.57 -1.5762 3.7353 11.084 2.6123 3.1579 11.842 3.0029 -3.2326 77.224 -4.3881 -5.3634 24.442 4.2997 8.9136 -29.34 5.6273 -8.3862 78.93 -3.7173 -5.1371 22.358 4.434 6.4415 -28.313 4.9684 6.7973
79.375 -15.167 -9.6131 20.868 11.184 7.0291 -27.342 7.7663 -7.1505 70.004 -1.2013 3.4769 20.422 7.4908 7.1665 -26.974 4.1367 5.2677 74.521 1.046 5.1794 14.795 5.988 6.4464 -10.233 -2.08 4.9091 74.167 -4.3533 0.43917 20.6 8.5284 8.9915 -25.239 -7.2523 -3.8916 67.861 2.7093 11.096 17.522 8.1879 7.4518 -19.168 6.4763 -6.4049
51.663 -13.427 -4.1999 15.829 5.2614 6.2518 -18.448 6.0864 4.0724 61.648 -5.8206 -0.96016 28.232 6.4999 11.609 -4.4345 6.9631 10.117 67.999 -1.0547 2.0052 17.157 7.0252 7.0357 15.562 2.1911 4.4511 63.219 -5.8964 -0.88266 25.453 7.3475 11.602 6.1636 6.3017 10.023 90.364 0.88411 16.018 17.874 7.0609 7.675 -24.201 10.905 8.9288
48.316 -8.2217 1.8856 19.708 6.3199 11.006 -11.762 4.3733 8.6169 45.55 -8.3434 -5.3532 14.773 5.5646 4.9453 -16.009 5.9183 4.0743 64.817 0.21236 7.0145 17.938 8.1556 9.8611 15.454 4.2268 8.0755 51.529 -8.0527 1.7376 17.412 7.1597 9.3669 -10.945 7.5822 10.177 62.141 -4.0355 0.93227 14.105 9.4037 8.3009 -16.369 8.2316 7.4285
54.561 -10.062 8.0465 15.426 3.7981 4.4041 -21.291 -3.2484 -4.8445 59.186 -3.5149 9.385 17.934 10.19 4.5203 -21.665 10.507 -4.9903 67.088 -1.4668 10.885 11.165 9.0982 3.3225 11.122 7.0309 2.0846 60.164 -2.1695 8.5929 18.404 9.888 4.9985 -19.327 8.3455 -5.6431 70.704 9.9531 11.518 12.643 6.9184 5.2137 -18.403 10.204 7.4724
60.024 -5.6308 -6.4153 19.378 6.6891 9.1877 -21.234 4.2205 -5.4762 67.088 -9.0053 -8.711 12.108 9.5015 12.608 -15.921 8.3741 9.4239 73.21 -2.6759 -1.4772 9.3981 10.704 12.596 -3.9317 5.1552 -6.6709 57.83 -6.9983 -6.1958 18.328 8.42 11.659 -21.439 7.3277 8.7968 58.279 -11.891 -14.019 15.338 8.1687 8.0215 -21.221 7.3655 8.2834
78.607 -5.4566 -6.8182 24.441 3.9807 7.6791 -30.124 4.954 -5.803 61.269 -1.8804 2.1065 18.922 3.1131 5.9775 -22.687 3.291 -7.4008 77.074 -3.5803 -3.898 15.411 3.4232 7.5276 -12.59 2.946 5.0296 79.591 -5.5756 -7.364 22.257 2.4419 4.9822 -28.934 3.378 5.2925 78.048 -3.6588 -7.8698 15.292 2.3264 6.9066 -21.169 1.7895 -8.8
37.39 -4.284 -11.152 10.287 2.8618 3.3947 -14.727 3.1717 -1.1017 57.551 2.5981 3.0926 25.328 6.1742 14.192 -13.043 6.0093 7.6674 66.906 4.7142 7.3646 18.298 4.9263 10.322 12.388 3.1358 -4.9768 64.633 0.60512 7.1087 27.778 4.7429 16.497 -17.506 5.2595 -4.2156 86.793 6.337 25.087 14.554 7.4737 5.5375 -22.095 12.035 3.6408
49.751 -6.2119 5.3838 17.288 6.6563 5.5708 -17.205 6.4968 3.7256 66.887 4.8174 11.791 18.675 5.4384 4.6541 -25.662 2.4361 -5.8769 69.671 4.4614 11.394 9.0435 3.4662 2.5863 2.5225 2.2215 1.908 66.274 4.726 12.614 17.129 4.6124 5.2623 -23.649 -5.6468 -7.2281 75.615 7.6148 15.137 12.52 7.6738 4.9663 -18.925 12.256 7.3786
39.113 -6.1408 -7.4779 12.595 3.9647 4.8947 -10.265 4.1115 5.5432 62.533 5.1231 9.0334 23.004 10.966 13.464 -11.761 10.766 6.5593 66.375 5.7599 8.9319 19.521 8.5071 12.42 8.0958 -5.7152 -10.823 57.355 6.0492 6.8905 24.189 10.677 13.11 -16.201 7.8835 -5.8548 77.902 11.958 19.632 20.412 4.067 6.8688 -27.375 -4.9696 -10.278
69.865 -18.485 -22.285 16.88 6.9769 3.7625 -24.627 10.473 2.7585 69.312 -15.162 -17.482 19.1 8.0517 7.0561 -26.276 9.6776 8.7942 66.456 -10.301 -8.5957 11.567 7.8551 10.431 -9.9246 3.2829 5.0166 70.941 -17.212 -17.802 17.856 5.5717 5.9076 -25.588 8.1765 7.8782 74.044 -7.6991 -11.944 15.796 6.1309 7.6257 -20.105 -4.005 -8.6052
67.425 -4.3698 9.8817 20.458 5.9245 5.1136 -26.35 -3.4786 -5.3839 67.317 -3.7623 7.78 20.771 5.2162 5.4976 -25.662 4.8444 -4.4302 72.769 1.7262 10.102 13.997 7.1144 4.4669 8.8136 5.0116 3.1319 64.372 0.1363 8.9411 20.469 6.792 5.2708 -21.453 5.6985 -4.8087 80.995 0.50633 7.2017 19.419 7.4364 6.3704 -23.501 4.5364 5.8269
49.505 -12.833 -6.5348 13.896 4.4498 3.2524 -18.839 5.411 -3.2374 55.6 -10.861 -3.8766 17.117 4.8919 3.0817 -20.589 4.9976 -1.977 67.164 -8.4434 -2.5381 10.134 3.3131 2.3464 7.7321 -1.8593 0.78955 56.232 -9.6763 -3.3219 15.724 4.886 3.156 -19.233 6.0241 1.8424 74.098 -10.643 -3.5965 12.911 4.1972 2.3387 -18.579 -5.6881 -2.9272
54.7 -9.9083 5.5876 17.394 5.5659 5.0066 -20.052 5.4424 0.99864 61.119 -8.9442 -3.1267 22.66 5.7655 6.01 -21.451 6.8983 7.1631 64.575 -4.0964 4.8264 13.749 6.9443 6.7496 12.237 2.7134 3.776 64.629 -6.6192 1.4624 20.908 4.7249 5.8954 -20.785 4.7038 3.6824 80.332 -9.505 -4.7258 16.669 4.7388 4.5419 -20.716 -4.7865 -4.4864
44.92 -7.4461 -4.1387 13.585 3.0907 2.4491 -16.329 3.2466 -0.47345 60.686 -5.8254 -2.2715 19.401 4.4031 3.021 -4.9391 -5.237 -2.3775 67.205 -2.4575 0.12744 15.039 2.8241 3.1916 12.881 1.5494 2.5147 66.917 -2.6343 -1.9256 27.257 4.0707 4.5836 -24.661 1.3238 -4.1892 76.197 -2.1571 -0.1485 25.258 2.3384 3.0012 -27.352 1.8127 2.6888
70.053 -14.517 -10.308 19.359 5.1438 3.5529 -26.191 6.0321 -2.4719 68.025 -0.33822 6.8078 19.114 6.7682 8.5232 -26.462 -6.3015 -9.207 68.634 -2.4515 3.9514 12.264 8.0174 9.4269 -11.158 -8.1693 -8.8454 69.625 -3.2431 3.2746 17.825 7.1217 9.5409 -24.259 -4.367 -6.1281 74.849 4.2279 13.166 15.081 6.7472 4.1619 -20.866 10.996 5.5335
67.545 -4.1763 4.1555 19.932 3.5729 2.819 -26.96 -4.1873 -2.3315 65.001 -4.0398 3.7652 18.735 3.1029 2.6957 -25.266 2.7564 -3.2842 69.049 -2.3214 4.0268 11.266 2.1479 2.8764 -7.4586 -0.81988 1.2896 65.154 -3.8602 4.4017 18.697 2.6301 2.9351 -23.481 1.6156 -2.4792 71.614 -4.5762 6.1662 13.971 6.1161 3.4264 -20.621 -10.113 4.6603
67.011 -11.717 -19.241 16.923 5.0957 4.105 -24.525 7.4015 2.9246 65.207 -3.5409 -6.1904 17.955 10.068 12.72 -24.7 5.7048 7.1613 71.083 -0.20593 -2.149 9.3004 9.4879 11.73 -6.1721 -5.6756 -7.9141 68.538 -6.1251 -8.0831 18.116 7.8421 10.746 -25.04 6.6033 8.0832 68.504 -1.1051 7.5347 13.755 7.4788 5.2769 -18.584 -10.281 5.1703
60.191 2.8076 6.2008 17.184 7.6256 3.346 -23.576 -6.9045 0.9954 64.363 -0.63394 5.9313 19.236 5.0789 4.4284 -25.035 0.69688 -3.8849 72.592 1.2744 6.564 11.54 5.3168 3.3959 10.211 4.3001 1.8043 63.419 0.91401 5.8924 15.333 6.7063 3.4514 -21.28 4.8898 -2.9638 66.949 -4.6846 4.6331 12.583 6.3928 3.8046 -19.401 -8.8965 4.8356
76.927 -10.675 -16.479 20.219 4.5899 4.8035 -28.511 7.0283 -5.0813 72.076 -6.7522 -9.4201 22.799 5.0873 7.3058 -27.649 4.6278 5.9142 69.143 -4.7534 -5.0779 14.916 4.4385 6.9199 -3.351 1.8552 -2.4506 76.868 -7.9093 -10.905 19.898 3.1591 4.5945 -28.075 4.4494 5.6627 72.771 -5.4004 -6.5815 16.245 3.0983 5.0125 -22.23 -3.4291 3.3725
54.995 3.8054 1.9783 15.914 4.7723 2.7535 -21.851 4.904 1.7856 61.04 4.553 4.5763 17.451 5.0496 4.9147 -23.152 2.3193 -5.0384 67.656 6.1009 6.7406 6.7065 3.8219 3.9346 3.1658 -1.0315 2.7167 58.837 1.0049 3.7607 16.543 5.3261 5.4503 -20.517 -3.1578 -4.5543 76.913 -5.3705 -6.3207 13.206 3.5959 9.6935 -18.971 4.2082 -3.3386
74.589 0.81948 -4.9033 20.242 3.9374 8.9346 -27.154 -2.9071 -11.45 73.215 0.86247 1.0119 20.675 3.5901 3.1485 -28.354 2.4249 -4.1568 72.496 1.3883 3.825 10.178 3.419 2.6295 6.7885 -3.105 -0.94908 68.918 0.63664 2.7532 18.881 3.8291 2.8236 -23.6 -4.5538 -1.783 68.91 -7.899 4.9617 13.999 9.6917 5.3411 -16.47 -13.531 7.8763
78.617 -6.6381 -17.175 20.652 4.2513 3.5047 -30.591 5.5816 -1.5659 72.174 -3.9321 -6.0047 14.894 4.1761 13.721 -19.351 4.2394 -10.469 74.884 -2.9599 -4.8698 10.638 4.4223 9.6582 -9.9797 5.0521 5.4906 68.863 -5.3569 -5.3998 20.804 3.9895 12.767 -26.442 4.6353 -5.6558 60.165 -2.8599 8.3889 14.451 3.0194 3.4035 -21.231 -0.97256 -4.8801
87.487 -7.1155 -6.678 23.737 5.4601 8.427 -33.364 6.4298 -9.3371 72 -1.8749 7.6636 20.657 5.1485 6.8609 -27.489 -3.3867 -8.3515 74.176 -0.046872 9.2187 7.1801 2.758 3.8046 -4.7851 -2.6564 -4.2426 68.742 -2.2525 8.5396 19.627 3.9839 5.5806 -24.593 -2.2074 -6.5848 70.768 -4.3498 12.265 12.324 3.9083 2.8847 -19.958 -6.8627 3.1994
71.573 4.284 2.5906 20.856 5.0386 4.5266 -28.973 3.1101 6.1822 64.066 -11.565 16.521 17.132 6.9757 7.2879 -24.657 7.9601 -8.2425 67.255 -6.43 14.251 6.3897 8.4319 7.0442 -4.2541 6.3074 -5.4109 63.131 -7.1593 13.97 16.217 7.1604 7.9758 -22.445 6.342 -7.3528 66.153 -15.439 20.45 9.7926 7.8271 3.9724 -15.719 -12.319 2.5821
77.091 -3.9992 -10.791 20.788 3.1902 4.1117 -29.853 4.4059 -2.7262 72.116 3.4872 0.50353 14.191 8.0142 12.173 -18.921 9.3434 -10.1 73.074 1.5334 2.1286 10.874 5.1873 8.2117 -9.0548 4.9641 -5.5521 69.67 -0.0015696 2.3187 20.968 5.1404 10.764 -27.855 5.2438 -8.6375 66.534 0.866 11.236 18.376 5.0349 5.0309 -23.122 1.7667 -6.8067
70.56 -22.557 -21.43 17.064 6.6911 2.4301 -25.036 10.513 3.0789 68.473 -12.298 -13.798 19.03 16.152 10.952 -25.619 17.01 11.526 71.491 -11.66 -12.481 11.005 13.436 10.562 -11.707 13.164 9.6741 64.397 -9.1893 -9.9173 19.096 15.89 11.05 -22.728 14.653 7.5663 52.264 13.188 3.4078 9.0376 7.5014 4.5551 -13.356 7.9661 7.1588
58.91 1.8198 5.8688 16.802 7.6872 2.9934 -23.052 -7.4696 2.8694 64.391 -0.74405 5.9086 18.212 4.8681 4.2795 -24.605 3.3817 -3.1811 70.744 0.1993 6.2936 11.403 5.1069 3.1807 10.605 4.3619 1.4773 59.612 -0.87059 4.765 16.64 6.1534 3.8353 -20.891 3.7135 -4.0038 65.646 -5.5857 4.2727 12.251 6.3114 3.6829 -18.816 -9.1666 4.7734
75.819 -1.8782 -4.435 21.497 5.6619 6.7886 -27.428 -5.6617 -8.6324 73.048 0.75521 1.1108 20.794 2.8845 3.6888 -28.262 3.4799 -4.8008 73.487 1.5489 2.4973 12.045 2.3719 2.6027 4.2453 1.6331 1.0435 67.947 0.60904 1.7625 19.718 2.9909 3.2877 -23.554 -2.5763 -2.8758 64.104 -3.7683 5.6986 12.79 5.8179 2.9054 -18.481 -8.9604 4.4717
56.351 -0.84574 6.5576 16.625 4.1292 4.9792 -22.218 4.3989 2.1391 53.673 0.7212 3.6186 15.13 5.697 4.1347 -20.51 5.7215 0.84972 64.844 2.8954 6.6577 11.929 4.2496 4.5002 10.512 3.5482 4.2891 53.008 0.48207 2.7518 14.165 4.4267 4.2657 -17.304 3.4629 3.451 57.894 5.7093 5.102 12.251 5.4529 4.5157 -17.51 6.7955 4.1507
67.974 -13.171 -17.851 17.721 5.4578 3.5562 -26.094 8.0754 5.3717 68.435 -4.1671 -6.5188 12.114 10.402 14.091 -16.936 8.7238 -5.4481 71.134 -0.15445 -2.057 8.8507 10.307 12.326 -5.3442 -5.9751 -7.8254 66.67 -6.0915 -5.8145 18.649 9.1892 13.002 -25.261 7.6793 5.3388 65.541 -3.2703 10.353 15.406 5.0823 4.6178 -22.356 4.7824 -4.9011
74.228 -3.9778 -7.8715 21.637 3.0216 4.8622 -29.68 3.2445 5.9447 71.757 3.9575 3.2452 15.504 7.6667 10.628 -18.796 8.5126 -10.566 72.88 2.5303 7.346 9.3612 5.6063 6.3887 -7.8631 3.6536 -6.5715 70.795 -1.9055 2.9182 20.398 6.1251 11.252 -28.167 7.4055 -9.0073 66.2 -1.3805 10.086 17.89 6.5098 4.7435 -21.613 -4.0126 -5.2424
64.82 8.9613 7.7143 18.841 6.4919 4.3838 -25.328 -3.7186 2.7553 67.756 11.437 7.5744 17.789 4.8106 3.56 -25.806 3.108 -4.6205 73.915 11.681 8.1381 7.836 4.4326 3.1926 -2.9592 -3.0868 -2.3867 67.845 11.319 9.192 17.127 5.1819 4.2968 -23.449 -6.4369 -4.7641 73.206 14.184 12.659 11.652 7.0838 6.5518 -17.215 11.233 9.9597
85.044 -12.805 -13.574 21.995 4.9767 3.4809 -32.617 7.501 3.1966 81.651 -7.3751 -11.675 15.556 5.75 7.3055 -21.826 5.7762 -8.0641 76.67 -5.2035 -5.5966 16.417 5.8192 7.0168 -11.84 4.2464 5.0053 77.6 -7.7543 -11.092 23.12 6.2655 7.798 -29.551 5.951 2.8966 70.268 -1.1579 -1.9195 19.182 3.2407 4.8525 -25.628 -2.8678 -5.2658
75.939 0.29534 2.8522 22.187 3.837 3.7117 -31.451 5.1071 -2.7175 67.946 -5.6629 3.307 19.187 5.2334 2.8904 -26.433 3.6776 -2.3228 72.935 -4.1912 3.6488 8.9604 3.9737 2.1074 -7.1347 -3.0473 1.9103 72.333 -1.842 5.7157 19.626 5.6996 2.5899 -26.425 -5.5276 -3.2029 66.377 -12.716 7.3662 10.962 7.4543 4.5432 -16.745 -11.961 7.1371
60.477 16.699 11.649 16.768 5.7663 4.9653 -22.494 2.3532 -2.7755 61.087 15.999 12.39 17.329 6.6084 6.7333 -22.628 -6.059 -5.3526 70.824 15.323 14.184 9.5487 6.1391 5.5525 -3.7234 -2.7108 4.3422 62.985 15.568 14.467 16.434 6.8132 7.9987 -21.508 -6.1706 -5.3821 56.976 12.752 6.9424 10.532 7.6511 5.8857 -14.041 8.7375 7.0716
68.365 -28.115 -25.555 18.269 13.476 13.429 -24.922 14.797 14.896 70.808 -15.298 -7.099 13.09 15.84 21.232 -17.727 -8.5125 -13.062 66.985 -9.2675 -2.5991 13.989 11.271 13.104 -8.448 -7.8585 -12.453 55.852 -5.6931 4.4988 18.034 6.4633 7.5906 -21.518 6.0137 -6.318 64.788 0.87886 12.308 17.455 3.488 5.8452 -23.288 -2.9561 -6.6573
73.11 -8.9399 8.5323 22.719 10.021 5.8965 -27.802 -2.6898 -4.5702 69.897 -16.788 14.889 17.112 10.265 10.795 -15.435 -11.886 9.9736 73.356 -6.31 10.541 16.391 8.9389 6.8895 5.5098 -6.4956 6.0478 66.832 -8.7725 8.5944 26.191 10.363 11.566 -23.1 -5.298 3.4888 60.572 -10.205 10.29 20.791 6.2057 9.8486 -19.154 -4.1332 8.174
53.522 -10.596 6.4109 15.705 4.745 3.5667 -20.77 3.8401 -3.1406 62.039 -1.1058 8.6968 17.787 5.9703 3.76 -24.189 -3.5311 -4.5896 60.889 -0.14557 5.9266 11.356 3.8399 4.2801 6.7938 -2.8409 2.3878 59.24 -0.9893 7.1948 16.811 4.9642 5.3179 -20.647 -4.8796 -5.8461 66.277 6.4638 11.768 13.447 7.2644 5.3983 -17.034 11.21 7.3803
79.478 1.3959 2.7509 21.795 14.779 8.844 -30.103 -16.157 -10.613 74.136 -4.1063 11.265 15.652 10.389 6.7491 -19.16 -5.2138 7.4015 68.791 -1.8159 6.7911 16.51 6.551 6.4873 -9.7104 5.2606 -0.89692 64.063 -4.7308 6.5831 20.766 6.6008 7.3479 -24.154 -3.5048 -7.7637 74.383 1.0845 12.442 19.116 4.9269 6.2824 -25.675 4.4543 -5.4479
59.255 -6.1758 14.406 17.827 4.3645 5.915 -22.954 3.8201 -5.0574 66.298 1.3849 13.187 21.301 7.1948 5.8206 -25 -4.0474 -5.5785 71.233 1.2346 15.822 11.428 6.0322 4.6597 4.0406 -1.8463 3.1968 65.845 0.043759 12.368 18.701 6.8994 6.2495 -22.748 -4.0528 -7.6416 82.907 8.3933 17.393 14.762 7.2754 5.3814 -21.33 11.615 7.535
76.577 -2.1165 0.88448 20.516 12.417 10.621 -27.161 -12.713 -12.153 73.376 -1.5958 6.5962 17.499 9.6035 7.5571 -20.71 -8.4862 -6.6257 71.599 1.019 7.022 15.292 7.4378 5.4298 -10.156 5.3842 3.7376 68.575 -4.6955 11.186 21.189 8.85 6.3466 -26.175 4.662 -7.1219 69.567 -1.4221 11.29 19.687 5.4327 6.0102 -24.391 3.9686 -4.8009
71.232 -12.412 0.98626 23.135 8.2343 8.7338 -24.581 -4.6942 -3.8972 74.155 -6.9726 13.268 22.563 7.3095 7.5855 -28.845 6.34 -4.4048 71.18 -0.313 7.4791 14.89 8.8611 6.2495 7.8988 -5.7444 -2.7513 62.64 -7.8576 3.3437 20.84 8.0104 7.8391 -18.473 5.7786 -2.6881 76.908 0.38362 16.547 16.379 8.6262 8.4629 -19.832 7.3977 3.3996
71.873 -7.3142 0.071853 21.519 4.4082 4.0662 -26.303 -5.4274 -4.4884 68.02 0.32991 6.924 19.473 6.0706 5.2536 -26.411 5.3527 -2.9048 66.051 -0.561 2.2643 14.331 4.6836 5.9513 8.8128 4.237 -3.7907 63.97 -1.9133 3.6299 16.8 6.0232 5.4771 -20.951 6.5951 3.1919 62.313 4.9373 6.6688 18.154 8.8516 10.337 -15.113 11.609 5.5182
90.096 -10.199 -4.4879 23.177 6.0999 4.0151 -33.319 -5.494 -5.6801 77.352 -4.4859 7.1075 23.275 6.5864 10.264 -29.159 4.5599 2.3268 79.044 -1.9337 5.7296 9.8741 6.0742 7.7709 -6.0857 6.3047 -4.7444 67.338 -3.7215 1.9517 20.422 6.0769 7.6924 -22.065 4.593 5.1376 72.189 1.658 11.404 14.632 7.03 6.1357 -20.404 6.9223 5.6014
76.29 -2.8873 15.153 22.509 5.7581 6.9047 -29.503 5.3303 -3.5123 60.554 0.10623 8.1915 20.518 7.9328 8.0865 -21.773 6.3256 5.6958 67.933 3.4127 11.176 14.868 9.3283 7.35 -6.5157 -1.1798 6.8087 67.919 -6.3049 14.175 20.551 5.6841 8.5731 -23.199 5.1975 7.3729 62.522 -5.0347 13.06 15.599 7.6096 7.2703 -15.512 -5.6522 3.5514
75.264 -11.115 13.279 21.283 6.3788 6.3388 -28.598 -8.0522 -4.3799 68.302 -11.865 15.262 21.787 7.0735 9.0399 -26.006 4.7608 -5.6076 75.069 -3.2459 13.856 15.202 7.1088 8.5641 -8.1246 2.098 4.5999 76.871 -8.7867 17.39 18.26 5.9055 8.1052 -25.778 3.1914 -6.3578 74.837 -7.1032 18.104 16.482 8.9859 8.45 -18.911 -12.044 3.9317
56.438 -7.2626 6.6067 17.715 5.9044 5.0688 -21.491 -3.5529 -3.696 62.17 -1.9626 11.976 17.876 7.2965 4.9618 -23.834 -4.1688 -5.4703 60.871 -1.7432 7.899 15.313 4.3626 6.2769 9.054 2.7392 3.3447 62.904 -1.7605 12.134 17.208 6.245 6.2194 -22.17 -6.1127 -7.8222 65.352 3.2511 13.057 14.114 6.2686 4.696 -17.998 9.3199 3.9282
56.842 -3.3211 5.8296 18.539 5.9994 4.9786 -21.374 4.7212 -3.8846 57.18 -0.68978 6.3313 18.538 6.1506 4.5055 -20.895 -4.9522 -5.1006 63.632 2.5759 8.426 12.761 5.2279 3.78 10.123 3.2027 2.0732 61.407 -0.75605 6.9647 16.021 3.6325 5.4508 -21.726 -2.7161 -4.7413 59.579 0.5773 9.5948 14.527 5.0699 4.9081 -16.784 5.2602 3.0276
83.647 -4.5799 0.41903 23.77 6.1967 6.5112 -31.672 -2.9997 4.1729 81.072 -5.4115 2.5254 18.772 7.0355 8.5795 -22.161 -5.7819 6.4683 76.181 -2.3257 7.487 16.843 3.4575 8.6168 -12.191 2.6075 3.8481 75.676 -2.7172 3.7482 24.341 5.5964 7.9553 -28.918 5.9217 4.7424 72.825 -6.5176 -4.6378 23.82 5.5449 4.055 -23.681 4.7702 2.5009
